Start
Initializing device.
Vendor ID: 0x4701
Product ID: 0x290
Connection Succeed
Device is successfully configured.
Device connected
Succeeded in sending cmd.
Succeeded in reading reply.
0, 983511
1, 0
2, 0
3, 0
4, 107
5, 293
6, 337
7, 201
8, 73
9, 72
10, 108
11, 134
12, 73
13, 95
14, 155
15, 148
16, 147
17, 165
18, 138
19, 154
20, 92
21, 122
22, 132
23, 135
24, 130
25, 105
26, 134
27, 107
28, 121
29, 102
30, 109
31, 86
32, 107
33, 100
34, 81
35, 92
36, 80
37, 82
38, 59
39, 88
40, 88
41, 63
42, 51
43, 33
44, 26
45, 40
46, 42
47, 38
48, 44
49, 34
50, 33
51, 31
52, 42
53, 40
54, 23
55, 30
56, 38
57, 39
58, 26
59, 25
60, 20
61, 16
62, 28
63, 14
64, 21
65, 27
66, 11
67, 15
68, 10
69, 10
70, 17
71, 20
72, 16
73, 13
74, 17
75, 12
76, 16
77, 18
78, 11
79, 15
80, 7
81, 9
82, 8
83, 6
84, 14
85, 13
86, 10
87, 6
88, 12
89, 19
90, 7
91, 9
92, 9
93, 5
94, 6
95, 8
96, 6
97, 10
98, 8
99, 10
100, 9
101, 8
102, 9
103, 9
104, 8
105, 5
106, 4
107, 2
108, 7
109, 8
110, 4
111, 4
112, 14
113, 10
114, 4
115, 5
116, 8
117, 3
118, 8
119, 8
120, 4
121, 3
122, 7
123, 11
124, 8
125, 4
126, 4
127, 2
128, 5
129, 12
130, 4
131, 7
132, 4
133, 6
134, 9
135, 5
136, 2
137, 4
138, 6
139, 4
140, 3
141, 8
142, 5
143, 3
144, 10
145, 3
146, 5
147, 3
148, 7
149, 6
150, 3
151, 0
152, 3
153, 7
154, 7
155, 4
156, 9
157, 3
158, 1
159, 6
160, 2
161, 6
162, 3
163, 1
164, 4
165, 2
166, 2
167, 1
168, 3
169, 5
170, 2
171, 5
172, 3
173, 2
174, 3
175, 8
176, 2
177, 2
178, 1
179, 2
180, 5
181, 2
182, 2
183, 3
184, 2
185, 3
186, 4
187, 4
188, 0
189, 2
190, 1
191, 0
192, 1
193, 1
194, 4
195, 2
196, 4
197, 2
198, 3
199, 2
200, 1
201, 2
202, 4
203, 4
204, 0
205, 3
206, 2
207, 2
208, 3
209, 1
210, 3
211, 4
212, 3
213, 2
214, 2
215, 1
216, 2
217, 3
218, 3
219, 3
220, 3
221, 0
222, 2
223, 0
224, 4
225, 1
226, 4
227, 3
228, 5
229, 3
230, 2
231, 2
232, 0
233, 1
234, 3
235, 2
236, 2
237, 3
238, 1
239, 3
240, 2
241, 2
242, 4
243, 5
244, 2
245, 3
246, 3
247, 0
248, 2
249, 4
250, 0
251, 1
252, 1
253, 4
254, 1
255, 1
Succeeded in sending cmd.
Succeeded in reading reply.
0, 1049047
1, 0
2, 0
3, 0
4, 107
5, 293
6, 338
7, 203
8, 74
9, 72
10, 108
11, 135
12, 73
13, 96
14, 156
15, 149
16, 149
17, 167
18, 139
19, 155
20, 92
21, 123
22, 132
23, 135
24, 130
25, 105
26, 134
27, 107
28, 121
29, 102
30, 109
31, 86
32, 108
33, 100
34, 82
35, 93
36, 81
37, 82
38, 59
39, 88
40, 89
41, 63
42, 51
43, 33
44, 26
45, 42
46, 43
47, 38
48, 45
49, 34
50, 33
51, 31
52, 42
53, 40
54, 24
55, 30
56, 38
57, 39
58, 26
59, 25
60, 20
61, 16
62, 28
63, 14
64, 21
65, 27
66, 11
67, 15
68, 10
69, 10
70, 17
71, 20
72, 16
73, 13
74, 17
75, 12
76, 16
77, 18
78, 12
79, 15
80, 7
81, 10
82, 8
83, 6
84, 14
85, 13
86, 10
87, 6
88, 12
89, 19
90, 7
91, 9
92, 9
93, 5
94, 6
95, 8
96, 6
97, 10
98, 8
99, 10
100, 9
101, 8
102, 9
103, 9
104, 8
105, 5
106, 4
107, 2
108, 7
109, 8
110, 4
111, 4
112, 14
113, 10
114, 4
115, 5
116, 8
117, 3
118, 8
119, 8
120, 4
121, 3
122, 7
123, 11
124, 8
125, 5
126, 4
127, 2
128, 5
129, 12
130, 4
131, 7
132, 4
133, 6
134, 9
135, 5
136, 2
137, 4
138, 6
139, 4
140, 4
141, 8
142, 5
143, 3
144, 10
145, 3
146, 5
147, 3
148, 7
149, 6
150, 3
151, 0
152, 3
153, 7
154, 7
155, 4
156, 9
157, 3
158, 1
159, 6
160, 2
161, 6
162, 3
163, 1
164, 4
165, 2
166, 2
167, 1
168, 3
169, 5
170, 2
171, 5
172, 3
173, 2
174, 3
175, 8
176, 2
177, 2
178, 1
179, 2
180, 5
181, 3
182, 2
183, 3
184, 2
185, 3
186, 4
187, 4
188, 0
189, 2
190, 1
191, 0
192, 1
193, 1
194, 4
195, 2
196, 4
197, 2
198, 3
199, 2
200, 1
201, 2
202, 4
203, 4
204, 0
205, 3
206, 2
207, 2
208, 3
209, 1
210, 3
211, 4
212, 3
213, 2
214, 2
215, 1
216, 2
217, 3
218, 3
219, 3
220, 3
221, 0
222, 2
223, 0
224, 4
225, 1
226, 4
227, 3
228, 5
229, 3
230, 2
231, 2
232, 0
233, 1
234, 3
235, 2
236, 2
237, 3
238, 1
239, 3
240, 2
241, 2
242, 4
243, 5
244, 2
245, 3
246, 3
247, 0
248, 2
249, 4
250, 0
251, 1
252, 1
253, 4
254, 1
255, 1
Succeeded in sending cmd.
Succeeded in reading reply.
0, 1049047
1, 0
2, 0
3, 0
4, 107
5, 294
6, 338
7, 204
8, 77
9, 72
10, 110
11, 135
12, 73
13, 96
14, 156
15, 149
16, 149
17, 167
18, 139
19, 157
20, 93
21, 123
22, 133
23, 136
24, 130
25, 105
26, 134
27, 108
28, 121
29, 102
30, 109
31, 86
32, 109
33, 102
34, 82
35, 94
36, 81
37, 82
38, 59
39, 89
40, 89
41, 65
42, 51
43, 33
44, 26
45, 42
46, 43
47, 38
48, 45
49, 35
50, 33
51, 31
52, 42
53, 40
54, 25
55, 30
56, 39
57, 39
58, 26
59, 25
60, 21
61, 16
62, 29
63, 14
64, 22
65, 27
66, 11
67, 15
68, 10
69, 10
70, 17
71, 20
72, 16
73, 13
74, 18
75, 12
76, 16
77, 18
78, 12
79, 15
80, 7
81, 10
82, 8
83, 6
84, 14
85, 13
86, 10
87, 6
88, 12
89, 19
90, 7
91, 10
92, 9
93, 5
94, 6
95, 8
96, 6
97, 10
98, 8
99, 10
100, 9
101, 8
102, 9
103, 9
104, 8
105, 5
106, 4
107, 2
108, 7
109, 8
110, 5
111, 4
112, 14
113, 10
114, 4
115, 5
116, 8
117, 3
118, 8
119, 8
120, 4
121, 3
122, 7
123, 11
124, 8
125, 5
126, 4
127, 2
128, 5
129, 13
130, 4
131, 7
132, 4
133, 6
134, 9
135, 5
136, 2
137, 4
138, 6
139, 4
140, 4
141, 8
142, 5
143, 3
144, 10
145, 3
146, 5
147, 4
148, 7
149, 6
150, 3
151, 0
152, 3
153, 7
154, 7
155, 4
156, 9
157, 3
158, 1
159, 6
160, 2
161, 6
162, 3
163, 1
164, 4
165, 2
166, 2
167, 1
168, 3
169, 5
170, 2
171, 5
172, 3
173, 2
174, 3
175, 8
176, 2
177, 2
178, 1
179, 2
180, 5
181, 3
182, 2
183, 3
184, 2
185, 3
186, 4
187, 4
188, 0
189, 2
190, 1
191, 0
192, 1
193, 1
194, 4
195, 2
196, 4
197, 2
198, 3
199, 2
200, 1
201, 2
202, 4
203, 4
204, 0
205, 3
206, 2
207, 2
208, 3
209, 1
210, 3
211, 4
212, 3
213, 2
214, 2
215, 1
216, 2
217, 3
218, 3
219, 3
220, 3
221, 0
222, 2
223, 0
224, 4
225, 1
226, 4
227, 3
228, 5
229, 3
230, 2
231, 2
232, 0
233, 1
234, 3
235, 2
236, 2
237, 3
238, 1
239, 3
240, 2
241, 2
242, 4
243, 5
244, 2
245, 3
246, 3
247, 0
248, 2
249, 4
250, 0
251, 1
252, 1
253, 4
254, 2
255, 1
Succeeded in sending cmd.
Succeeded in reading reply.
0, 983511
1, 0
2, 0
3, 0
4, 107
5, 294
6, 341
7, 206
8, 77
9, 72
10, 110
11, 135
12, 75
13, 96
14, 156
15, 151
16, 150
17, 168
18, 140
19, 157
20, 93
21, 123
22, 133
23, 136
24, 130
25, 106
26, 136
27, 109
28, 121
29, 104
30, 109
31, 86
32, 109
33, 103
34, 82
35, 94
36, 81
37, 82
38, 60
39, 89
40, 90
41, 65
42, 54
43, 33
44, 26
45, 42
46, 43
47, 38
48, 45
49, 35
50, 33
51, 32
52, 44
53, 40
54, 25
55, 30
56, 39
57, 40
58, 26
59, 25
60, 22
61, 16
62, 29
63, 14
64, 22
65, 28
66, 11
67, 15
68, 10
69, 10
70, 17
71, 20
72, 16
73, 13
74, 18
75, 12
76, 16
77, 18
78, 12
79, 16
80, 7
81, 10
82, 8
83, 6
84, 14
85, 13
86, 10
87, 6
88, 12
89, 19
90, 7
91, 11
92, 9
93, 5
94, 7
95, 8
96, 6
97, 10
98, 8
99, 10
100, 9
101, 8
102, 9
103, 10
104, 8
105, 5
106, 4
107, 2
108, 7
109, 8
110, 5
111, 4
112, 14
113, 10
114, 4
115, 5
116, 8
117, 3
118, 8
119, 8
120, 4
121, 3
122, 7
123, 11
124, 8
125, 5
126, 4
127, 2
128, 5
129, 13
130, 4
131, 7
132, 4
133, 6
134, 9
135, 5
136, 2
137, 4
138, 6
139, 4
140, 4
141, 8
142, 5
143, 3
144, 10
145, 3
146, 5
147, 4
148, 7
149, 6
150, 3
151, 0
152, 3
153, 7
154, 7
155, 4
156, 9
157, 3
158, 1
159, 6
160, 2
161, 6
162, 3
163, 1
164, 4
165, 2
166, 2
167, 1
168, 3
169, 5
170, 2
171, 5
172, 3
173, 2
174, 3
175, 8
176, 2
177, 2
178, 1
179, 2
180, 5
181, 3
182, 2
183, 3
184, 2
185, 3
186, 4
187, 4
188, 0
189, 2
190, 1
191, 0
192, 1
193, 1
194, 4
195, 2
196, 4
197, 2
198, 3
199, 2
200, 1
201, 2
202, 4
203, 4
204, 0
205, 3
206, 2
207, 2
208, 3
209, 1
210, 3
211, 4
212, 3
213, 2
214, 2
215, 1
216, 2
217, 3
218, 3
219, 3
220, 3
221, 0
222, 2
223, 0
224, 4
225, 1
226, 4
227, 3
228, 5
229, 3
230, 2
231, 2
232, 0
233, 1
234, 3
235, 2
236, 2
237, 3
238, 1
239, 3
240, 2
241, 2
242, 4
243, 5
244, 2
245, 3
246, 3
247, 0
248, 2
249, 4
250, 0
251, 1
252, 1
253, 4
254, 2
255, 1
Succeeded in sending cmd.
Succeeded in reading reply.
0, 1507799
1, 0
2, 0
3, 0
4, 108
5, 295
6, 342
7, 211
8, 77
9, 72
10, 110
11, 137
12, 75
13, 96
14, 156
15, 152
16, 151
17, 168
18, 140
19, 157
20, 94
21, 123
22, 133
23, 139
24, 132
25, 106
26, 137
27, 109
28, 121
29, 105
30, 110
31, 87
32, 110
33, 104
34, 82
35, 94
36, 82
37, 83
38, 60
39, 90
40, 90
41, 65
42, 54
43, 34
44, 26
45, 42
46, 43
47, 38
48, 45
49, 35
50, 34
51, 34
52, 44
53, 40
54, 25
55, 30
56, 39
57, 40
58, 26
59, 25
60, 23
61, 16
62, 29
63, 14
64, 23
65, 28
66, 11
67, 15
68, 10
69, 10
70, 17
71, 20
72, 16
73, 13
74, 18
75, 12
76, 16
77, 18
78, 12
79, 16
80, 7
81, 10
82, 8
83, 6
84, 14
85, 13
86, 10
87, 6
88, 12
89, 19
90, 7
91, 11
92, 9
93, 5
94, 7
95, 8
96, 7
97, 10
98, 8
99, 10
100, 9
101, 8
102, 9
103, 10
104, 8
105, 5
106, 4
107, 2
108, 7
109, 8
110, 5
111, 4
112, 14
113, 10
114, 4
115, 5
116, 8
117, 3
118, 8
119, 8
120, 4
121, 3
122, 7
123, 11
124, 8
125, 5
126, 4
127, 2
128, 5
129, 13
130, 4
131, 7
132, 4
133, 6
134, 9
135, 5
136, 2
137, 4
138, 6
139, 4
140, 4
141, 8
142, 5
143, 3
144, 10
145, 3
146, 5
147, 4
148, 7
149, 6
150, 3
151, 0
152, 3
153, 7
154, 7
155, 4
156, 9
157, 3
158, 1
159, 6
160, 2
161, 6
162, 3
163, 1
164, 4
165, 2
166, 2
167, 1
168, 3
169, 5
170, 2
171, 5
172, 3
173, 2
174, 3
175, 8
176, 2
177, 2
178, 1
179, 2
180, 5
181, 3
182, 2
183, 3
184, 2
185, 3
186, 4
187, 4
188, 0
189, 2
190, 1
191, 0
192, 1
193, 1
194, 4
195, 2
196, 4
197, 2
198, 3
199, 2
200, 1
201, 2
202, 4
203, 4
204, 0
205, 3
206, 2
207, 2
208, 3
209, 1
210, 3
211, 4
212, 3
213, 2
214, 2
215, 1
216, 2
217, 3
218, 3
219, 3
220, 3
221, 1
222, 2
223, 0
224, 4
225, 1
226, 4
227, 3
228, 5
229, 3
230, 2
231, 2
232, 0
233, 1
234, 3
235, 2
236, 2
237, 3
238, 1
239, 3
240, 2
241, 2
242, 4
243, 5
244, 2
245, 3
246, 3
247, 0
248, 2
249, 4
250, 0
251, 1
252, 1
253, 4
254, 2
255, 1
Succeeded in sending cmd.
Succeeded in reading reply.
0, 1049047
1, 0
2, 0
3, 0
4, 108
5, 296
6, 344
7, 215
8, 77
9, 72
10, 111
11, 137
12, 77
13, 96
14, 157
15, 152
16, 152
17, 171
18, 141
19, 158
20, 94
21, 124
22, 134
23, 140
24, 132
25, 109
26, 137
27, 109
28, 122
29, 105
30, 110
31, 88
32, 110
33, 106
34, 82
35, 96
36, 82
37, 85
38, 61
39, 90
40, 90
41, 65
42, 55
43, 34
44, 26
45, 42
46, 45
47, 38
48, 47
49, 35
50, 34
51, 34
52, 44
53, 40
54, 25
55, 31
56, 40
57, 40
58, 28
59, 25
60, 24
61, 16
62, 29
63, 14
64, 23
65, 28
66, 12
67, 15
68, 10
69, 10
70, 18
71, 22
72, 16
73, 13
74, 18
75, 12
76, 16
77, 18
78, 12
79, 16
80, 7
81, 10
82, 8
83, 6
84, 15
85, 13
86, 10
87, 6
88, 12
89, 19
90, 7
91, 11
92, 9
93, 5
94, 7
95, 8
96, 7
97, 10
98, 8
99, 10
100, 9
101, 8
102, 9
103, 10
104, 8
105, 6
106, 4
107, 2
108, 7
109, 8
110, 5
111, 4
112, 14
113, 10
114, 4
115, 5
116, 8
117, 3
118, 8
119, 8
120, 4
121, 3
122, 7
123, 11
124, 8
125, 5
126, 4
127, 2
128, 5
129, 13
130, 4
131, 7
132, 4
133, 6
134, 9
135, 5
136, 2
137, 4
138, 6
139, 4
140, 4
141, 8
142, 5
143, 3
144, 10
145, 3
146, 5
147, 4
148, 7
149, 6
150, 3
151, 0
152, 3
153, 7
154, 7
155, 4
156, 9
157, 3
158, 1
159, 6
160, 2
161, 6
162, 3
163, 1
164, 4
165, 2
166, 2
167, 1
168, 3
169, 5
170, 2
171, 5
172, 3
173, 2
174, 3
175, 8
176, 2
177, 2
178, 1
179, 2
180, 5
181, 3
182, 2
183, 3
184, 2
185, 3
186, 5
187, 4
188, 0
189, 2
190, 1
191, 0
192, 1
193, 1
194, 4
195, 2
196, 4
197, 2
198, 3
199, 2
200, 1
201, 2
202, 4
203, 4
204, 0
205, 3
206, 2
207, 2
208, 3
209, 1
210, 3
211, 4
212, 3
213, 2
214, 2
215, 1
216, 2
217, 3
218, 3
219, 3
220, 3
221, 1
222, 2
223, 0
224, 4
225, 1
226, 4
227, 3
228, 5
229, 3
230, 2
231, 3
232, 0
233, 1
234, 3
235, 2
236, 2
237, 3
238, 1
239, 3
240, 2
241, 2
242, 4
243, 5
244, 2
245, 3
246, 3
247, 0
248, 2
249, 4
250, 0
251, 1
252, 1
253, 4
254, 2
255, 1
Succeeded in sending cmd.
Succeeded in reading reply.
0, 1311191
1, 0
2, 0
3, 0
4, 108
5, 297
6, 344
7, 218
8, 78
9, 72
10, 111
11, 137
12, 77
13, 96
14, 158
15, 152
16, 153
17, 171
18, 142
19, 160
20, 95
21, 125
22, 134
23, 140
24, 132
25, 110
26, 137
27, 109
28, 123
29, 105
30, 110
31, 88
32, 110
33, 106
34, 82
35, 99
36, 82
37, 85
38, 62
39, 90
40, 90
41, 65
42, 55
43, 34
44, 26
45, 42
46, 45
47, 38
48, 47
49, 35
50, 34
51, 34
52, 44
53, 40
54, 26
55, 32
56, 40
57, 40
58, 28
59, 25
60, 24
61, 16
62, 29
63, 14
64, 23
65, 29
66, 12
67, 15
68, 11
69, 10
70, 18
71, 22
72, 16
73, 14
74, 20
75, 12
76, 16
77, 18
78, 12
79, 17
80, 7
81, 10
82, 9
83, 6
84, 16
85, 13
86, 10
87, 6
88, 12
89, 19
90, 7
91, 11
92, 9
93, 5
94, 7
95, 8
96, 7
97, 10
98, 8
99, 10
100, 9
101, 8
102, 9
103, 10
104, 8
105, 6
106, 4
107, 2
108, 7
109, 8
110, 5
111, 4
112, 14
113, 10
114, 4
115, 5
116, 8
117, 3
118, 8
119, 8
120, 4
121, 3
122, 7
123, 11
124, 8
125, 5
126, 4
127, 2
128, 5
129, 13
130, 4
131, 7
132, 4
133, 6
134, 9
135, 5
136, 2
137, 4
138, 6
139, 4
140, 4
141, 8
142, 5
143, 3
144, 10
145, 3
146, 5
147, 4
148, 7
149, 6
150, 3
151, 0
152, 3
153, 7
154, 7
155, 4
156, 9
157, 3
158, 1
159, 6
160, 2
161, 6
162, 3
163, 1
164, 4
165, 2
166, 2
167, 1
168, 3
169, 5
170, 2
171, 5
172, 3
173, 2
174, 3
175, 8
176, 2
177, 2
178, 1
179, 2
180, 5
181, 3
182, 2
183, 3
184, 2
185, 3
186, 5
187, 4
188, 0
189, 2
190, 1
191, 0
192, 1
193, 1
194, 4
195, 2
196, 4
197, 2
198, 3
199, 2
200, 1
201, 2
202, 4
203, 4
204, 0
205, 3
206, 2
207, 2
208, 3
209, 1
210, 3
211, 4
212, 3
213, 3
214, 2
215, 1
216, 2
217, 3
218, 3
219, 3
220, 3
221, 2
222, 2
223, 0
224, 4
225, 1
226, 4
227, 3
228, 5
229, 3
230, 2
231, 3
232, 0
233, 1
234, 3
235, 2
236, 2
237, 3
238, 1
239, 3
240, 2
241, 2
242, 4
243, 5
244, 2
245, 3
246, 3
247, 0
248, 2
249, 4
250, 0
251, 1
252, 1
253, 4
254, 2
255, 1
Succeeded in sending cmd.
Succeeded in reading reply.
0, 1376727
1, 0
2, 0
3, 0
4, 110
5, 297
6, 344
7, 221
8, 78
9, 72
10, 112
11, 137
12, 78
13, 96
14, 158
15, 153
16, 154
17, 171
18, 143
19, 160
20, 95
21, 126
22, 135
23, 141
24, 133
25, 110
26, 137
27, 109
28, 125
29, 105
30, 111
31, 89
32, 110
33, 107
34, 83
35, 100
36, 82
37, 86
38, 62
39, 90
40, 90
41, 65
42, 57
43, 34
44, 27
45, 43
46, 45
47, 38
48, 48
49, 36
50, 34
51, 34
52, 44
53, 40
54, 27
55, 32
56, 40
57, 40
58, 28
59, 25
60, 24
61, 16
62, 29
63, 14
64, 23
65, 29
66, 13
67, 15
68, 11
69, 11
70, 18
71, 22
72, 16
73, 16
74, 20
75, 12
76, 16
77, 18
78, 14
79, 17
80, 7
81, 10
82, 9
83, 6
84, 16
85, 13
86, 10
87, 6
88, 12
89, 19
90, 7
91, 11
92, 9
93, 5
94, 7
95, 8
96, 7
97, 10
98, 8
99, 10
100, 9
101, 8
102, 9
103, 10
104, 8
105, 6
106, 4
107, 2
108, 7
109, 9
110, 5
111, 4
112, 14
113, 10
114, 4
115, 5
116, 8
117, 3
118, 8
119, 8
120, 4
121, 3
122, 7
123, 11
124, 8
125, 5
126, 4
127, 2
128, 5
129, 13
130, 4
131, 7
132, 4
133, 6
134, 9
135, 5
136, 2
137, 4
138, 6
139, 4
140, 4
141, 8
142, 5
143, 3
144, 10
145, 3
146, 5
147, 4
148, 7
149, 6
150, 3
151, 0
152, 3
153, 7
154, 7
155, 4
156, 9
157, 3
158, 1
159, 6
160, 2
161, 6
162, 3
163, 1
164, 4
165, 2
166, 2
167, 1
168, 3
169, 5
170, 2
171, 5
172, 3
173, 2
174, 3
175, 8
176, 2
177, 2
178, 1
179, 2
180, 5
181, 3
182, 2
183, 3
184, 2
185, 3
186, 5
187, 4
188, 0
189, 2
190, 1
191, 0
192, 1
193, 1
194, 4
195, 2
196, 4
197, 2
198, 3
199, 2
200, 1
201, 2
202, 4
203, 4
204, 0
205, 3
206, 2
207, 2
208, 3
209, 1
210, 3
211, 4
212, 3
213, 3
214, 2
215, 1
216, 2
217, 3
218, 3
219, 3
220, 3
221, 2
222, 2
223, 0
224, 4
225, 1
226, 4
227, 3
228, 6
229, 3
230, 2
231, 3
232, 0
233, 1
234, 3
235, 2
236, 2
237, 3
238, 1
239, 3
240, 2
241, 2
242, 4
243, 5
244, 2
245, 3
246, 3
247, 0
248, 2
249, 4
250, 0
251, 1
252, 1
253, 4
254, 2
255, 1
Succeeded in sending cmd.
Succeeded in reading reply.
0, 1311191
1, 0
2, 0
3, 0
4, 110
5, 297
6, 346
7, 222
8, 78
9, 72
10, 112
11, 138
12, 78
13, 96
14, 158
15, 154
16, 154
17, 173
18, 146
19, 162
20, 96
21, 127
22, 135
23, 141
24, 133
25, 110
26, 138
27, 109
28, 125
29, 106
30, 111
31, 90
32, 110
33, 107
34, 84
35, 100
36, 83
37, 86
38, 63
39, 90
40, 91
41, 65
42, 57
43, 34
44, 27
45, 44
46, 45
47, 38
48, 49
49, 37
50, 34
51, 34
52, 45
53, 41
54, 28
55, 32
56, 40
57, 40
58, 29
59, 25
60, 24
61, 16
62, 29
63, 14
64, 23
65, 30
66, 13
67, 15
68, 11
69, 12
70, 18
71, 24
72, 17
73, 16
74, 20
75, 12
76, 16
77, 18
78, 14
79, 17
80, 7
81, 10
82, 9
83, 6
84, 16
85, 13
86, 10
87, 6
88, 12
89, 19
90, 7
91, 11
92, 9
93, 5
94, 7
95, 8
96, 7
97, 10
98, 8
99, 10
100, 9
101, 8
102, 9
103, 10
104, 8
105, 6
106, 4
107, 2
108, 7
109, 10
110, 5
111, 4
112, 15
113, 10
114, 4
115, 5
116, 8
117, 3
118, 8
119, 8
120, 5
121, 3
122, 7
123, 11
124, 8
125, 5
126, 4
127, 2
128, 5
129, 13
130, 4
131, 7
132, 4
133, 6
134, 9
135, 5
136, 2
137, 4
138, 6
139, 4
140, 4
141, 8
142, 5
143, 3
144, 10
145, 3
146, 5
147, 4
148, 7
149, 6
150, 3
151, 0
152, 3
153, 7
154, 7
155, 4
156, 9
157, 3
158, 1
159, 6
160, 2
161, 6
162, 3
163, 1
164, 4
165, 2
166, 2
167, 1
168, 3
169, 5
170, 2
171, 5
172, 3
173, 2
174, 3
175, 8
176, 2
177, 2
178, 1
179, 2
180, 5
181, 3
182, 2
183, 3
184, 2
185, 3
186, 5
187, 4
188, 0
189, 2
190, 1
191, 0
192, 1
193, 1
194, 4
195, 2
196, 4
197, 2
198, 3
199, 2
200, 1
201, 2
202, 4
203, 4
204, 0
205, 3
206, 2
207, 2
208, 3
209, 1
210, 3
211, 4
212, 3
213, 3
214, 2
215, 1
216, 2
217, 3
218, 3
219, 4
220, 3
221, 2
222, 2
223, 0
224, 4
225, 1
226, 4
227, 3
228, 6
229, 3
230, 2
231, 3
232, 0
233, 1
234, 4
235, 2
236, 2
237, 3
238, 1
239, 3
240, 2
241, 2
242, 4
243, 5
244, 2
245, 3
246, 3
247, 0
248, 3
249, 4
250, 0
251, 1
252, 1
253, 4
254, 2
255, 1
Succeeded in sending cmd.
Succeeded in reading reply.
0, 1311191
1, 0
2, 0
3, 0
4, 110
5, 298
6, 347
7, 224
8, 78
9, 72
10, 112
11, 138
12, 78
13, 96
14, 158
15, 154
16, 155
17, 174
18, 146
19, 162
20, 97
21, 127
22, 137
23, 141
24, 133
25, 111
26, 138
27, 110
28, 125
29, 107
30, 112
31, 92
32, 110
33, 108
34, 84
35, 100
36, 84
37, 86
38, 64
39, 90
40, 92
41, 66
42, 57
43, 34
44, 27
45, 44
46, 45
47, 40
48, 49
49, 38
50, 35
51, 34
52, 45
53, 41
54, 28
55, 32
56, 41
57, 40
58, 30
59, 26
60, 24
61, 16
62, 29
63, 14
64, 24
65, 30
66, 13
67, 15
68, 11
69, 12
70, 18
71, 25
72, 17
73, 16
74, 20
75, 12
76, 16
77, 18
78, 14
79, 17
80, 7
81, 10
82, 9
83, 6
84, 16
85, 13
86, 10
87, 7
88, 12
89, 19
90, 7
91, 11
92, 9
93, 5
94, 7
95, 8
96, 7
97, 10
98, 8
99, 10
100, 9
101, 8
102, 9
103, 10
104, 8
105, 6
106, 4
107, 2
108, 7
109, 10
110, 5
111, 4
112, 15
113, 10
114, 4
115, 5
116, 8
117, 3
118, 8
119, 8
120, 6
121, 3
122, 7
123, 11
124, 8
125, 5
126, 4
127, 2
128, 5
129, 13
130, 4
131, 7
132, 4
133, 6
134, 9
135, 5
136, 2
137, 4
138, 6
139, 5
140, 4
141, 9
142, 5
143, 3
144, 10
145, 3
146, 5
147, 4
148, 7
149, 6
150, 3
151, 0
152, 3
153, 7
154, 7
155, 4
156, 9
157, 3
158, 1
159, 6
160, 2
161, 6
162, 3
163, 1
164, 4
165, 3
166, 2
167, 1
168, 3
169, 5
170, 2
171, 5
172, 3
173, 2
174, 3
175, 8
176, 2
177, 2
178, 1
179, 2
180, 5
181, 3
182, 2
183, 3
184, 2
185, 3
186, 6
187, 4
188, 0
189, 2
190, 1
191, 0
192, 1
193, 1
194, 4
195, 2
196, 4
197, 2
198, 3
199, 2
200, 1
201, 2
202, 4
203, 4
204, 0
205, 3
206, 2
207, 2
208, 3
209, 1
210, 3
211, 4
212, 3
213, 3
214, 2
215, 1
216, 2
217, 3
218, 3
219, 4
220, 3
221, 2
222, 2
223, 0
224, 5
225, 1
226, 4
227, 3
228, 6
229, 3
230, 2
231, 3
232, 0
233, 1
234, 4
235, 2
236, 2
237, 3
238, 1
239, 3
240, 2
241, 2
242, 4
243, 5
244, 2
245, 3
246, 3
247, 0
248, 3
249, 4
250, 0
251, 1
252, 1
253, 4
254, 2
255, 1
Succeeded in sending cmd.
Succeeded in reading reply.
0, 1573334
1, 0
2, 0
3, 0
4, 110
5, 298
6, 349
7, 226
8, 80
9, 72
10, 115
11, 138
12, 78
13, 96
14, 158
15, 156
16, 155
17, 176
18, 146
19, 162
20, 97
21, 127
22, 138
23, 141
24, 135
25, 111
26, 139
27, 112
28, 126
29, 109
30, 112
31, 92
32, 111
33, 108
34, 86
35, 101
36, 85
37, 86
38, 65
39, 90
40, 93
41, 67
42, 57
43, 34
44, 27
45, 44
46, 45
47, 40
48, 50
49, 38
50, 35
51, 34
52, 45
53, 41
54, 28
55, 32
56, 41
57, 41
58, 31
59, 26
60, 24
61, 16
62, 29
63, 15
64, 24
65, 30
66, 13
67, 15
68, 11
69, 13
70, 19
71, 25
72, 17
73, 16
74, 20
75, 12
76, 17
77, 18
78, 14
79, 17
80, 7
81, 10
82, 9
83, 6
84, 16
85, 13
86, 10
87, 7
88, 13
89, 19
90, 7
91, 11
92, 9
93, 5
94, 7
95, 9
96, 7
97, 11
98, 8
99, 10
100, 9
101, 8
102, 9
103, 10
104, 8
105, 6
106, 4
107, 2
108, 7
109, 11
110, 5
111, 4
112, 15
113, 10
114, 4
115, 5
116, 8
117, 3
118, 8
119, 8
120, 6
121, 3
122, 7
123, 11
124, 8
125, 5
126, 4
127, 2
128, 5
129, 13
130, 4
131, 7
132, 4
133, 6
134, 9
135, 5
136, 2
137, 4
138, 6
139, 5
140, 4
141, 9
142, 5
143, 3
144, 10
145, 3
146, 5
147, 4
148, 7
149, 6
150, 3
151, 0
152, 3
153, 7
154, 7
155, 4
156, 9
157, 3
158, 1
159, 6
160, 2
161, 6
162, 3
163, 1
164, 4
165, 3
166, 2
167, 1
168, 3
169, 5
170, 2
171, 5
172, 3
173, 2
174, 3
175, 8
176, 2
177, 2
178, 1
179, 2
180, 5
181, 3
182, 2
183, 3
184, 2
185, 3
186, 6
187, 4
188, 0
189, 2
190, 1
191, 1
192, 1
193, 1
194, 4
195, 2
196, 4
197, 2
198, 3
199, 2
200, 1
201, 2
202, 4
203, 5
204, 0
205, 3
206, 2
207, 2
208, 3
209, 1
210, 3
211, 4
212, 3
213, 3
214, 2
215, 1
216, 2
217, 3
218, 3
219, 4
220, 3
221, 2
222, 2
223, 0
224, 5
225, 1
226, 4
227, 3
228, 6
229, 3
230, 2
231, 3
232, 0
233, 1
234, 4
235, 2
236, 2
237, 3
238, 1
239, 3
240, 2
241, 2
242, 4
243, 5
244, 2
245, 3
246, 3
247, 0
248, 3
249, 4
250, 1
251, 1
252, 1
253, 4
254, 2
255, 1
Succeeded in sending cmd.
Succeeded in reading reply.
0, 1442262
1, 0
2, 0
3, 0
4, 111
5, 299
6, 352
7, 229
8, 83
9, 72
10, 118
11, 140
12, 78
13, 96
14, 160
15, 156
16, 156
17, 177
18, 147
19, 162
20, 97
21, 128
22, 139
23, 141
24, 136
25, 112
26, 139
27, 112
28, 126
29, 111
30, 113
31, 92
32, 113
33, 110
34, 89
35, 102
36, 85
37, 87
38, 65
39, 91
40, 93
41, 68
42, 57
43, 34
44, 27
45, 45
46, 45
47, 41
48, 50
49, 39
50, 36
51, 34
52, 45
53, 41
54, 29
55, 32
56, 41
57, 41
58, 32
59, 26
60, 24
61, 16
62, 29
63, 15
64, 24
65, 30
66, 13
67, 15
68, 12
69, 13
70, 19
71, 25
72, 17
73, 16
74, 20
75, 12
76, 17
77, 18
78, 14
79, 17
80, 8
81, 10
82, 9
83, 6
84, 16
85, 13
86, 10
87, 7
88, 13
89, 19
90, 8
91, 11
92, 9
93, 6
94, 7
95, 9
96, 7
97, 11
98, 8
99, 10
100, 10
101, 8
102, 9
103, 10
104, 8
105, 6
106, 4
107, 2
108, 7
109, 11
110, 5
111, 4
112, 15
113, 11
114, 4
115, 5
116, 9
117, 3
118, 8
119, 8
120, 6
121, 3
122, 8
123, 11
124, 8
125, 5
126, 4
127, 2
128, 5
129, 13
130, 4
131, 7
132, 4
133, 6
134, 9
135, 5
136, 2
137, 4
138, 6
139, 5
140, 4
141, 9
142, 5
143, 3
144, 10
145, 3
146, 5
147, 4
148, 7
149, 6
150, 3
151, 0
152, 4
153, 7
154, 7
155, 4
156, 9
157, 3
158, 1
159, 6
160, 2
161, 6
162, 3
163, 1
164, 4
165, 3
166, 2
167, 1
168, 3
169, 5
170, 2
171, 5
172, 3
173, 2
174, 3
175, 8
176, 2
177, 2
178, 1
179, 2
180, 5
181, 3
182, 2
183, 3
184, 2
185, 4
186, 6
187, 4
188, 0
189, 2
190, 1
191, 1
192, 1
193, 1
194, 4
195, 2
196, 4
197, 2
198, 3
199, 2
200, 1
201, 2
202, 4
203, 5
204, 0
205, 3
206, 2
207, 2
208, 3
209, 1
210, 3
211, 4
212, 3
213, 3
214, 3
215, 1
216, 2
217, 3
218, 3
219, 4
220, 3
221, 2
222, 2
223, 0
224, 5
225, 1
226, 4
227, 3
228, 6
229, 3
230, 2
231, 3
232, 0
233, 1
234, 4
235, 2
236, 2
237, 3
238, 1
239, 3
240, 2
241, 2
242, 4
243, 5
244, 2
245, 3
246, 3
247, 0
248, 3
249, 4
250, 1
251, 1
252, 1
253, 4
254, 2
255, 1
Succeeded in sending cmd.
Succeeded in reading reply.
0, 1442262
1, 0
2, 0
3, 0
4, 111
5, 299
6, 354
7, 229
8, 83
9, 72
10, 119
11, 140
12, 78
13, 96
14, 160
15, 157
16, 157
17, 179
18, 148
19, 166
20, 98
21, 129
22, 139
23, 141
24, 137
25, 113
26, 142
27, 113
28, 127
29, 111
30, 114
31, 92
32, 113
33, 112
34, 89
35, 103
36, 87
37, 87
38, 65
39, 91
40, 94
41, 68
42, 57
43, 34
44, 29
45, 45
46, 45
47, 42
48, 50
49, 39
50, 36
51, 34
52, 45
53, 41
54, 29
55, 32
56, 42
57, 42
58, 33
59, 27
60, 24
61, 16
62, 29
63, 15
64, 24
65, 30
66, 13
67, 15
68, 12
69, 13
70, 19
71, 25
72, 17
73, 16
74, 20
75, 12
76, 17
77, 18
78, 14
79, 17
80, 8
81, 10
82, 9
83, 6
84, 16
85, 13
86, 10
87, 7
88, 13
89, 19
90, 8
91, 11
92, 9
93, 6
94, 8
95, 9
96, 7
97, 11
98, 8
99, 10
100, 10
101, 8
102, 9
103, 10
104, 8
105, 6
106, 4
107, 2
108, 7
109, 11
110, 5
111, 4
112, 15
113, 11
114, 4
115, 5
116, 9
117, 3
118, 8
119, 8
120, 6
121, 3
122, 8
123, 11
124, 8
125, 5
126, 4
127, 2
128, 5
129, 13
130, 4
131, 7
132, 4
133, 6
134, 9
135, 5
136, 2
137, 5
138, 6
139, 5
140, 4
141, 9
142, 5
143, 3
144, 10
145, 3
146, 5
147, 4
148, 7
149, 7
150, 3
151, 0
152, 4
153, 7
154, 7
155, 4
156, 9
157, 3
158, 1
159, 6
160, 2
161, 6
162, 3
163, 1
164, 4
165, 3
166, 2
167, 1
168, 3
169, 5
170, 2
171, 5
172, 3
173, 2
174, 3
175, 8
176, 2
177, 2
178, 1
179, 2
180, 5
181, 3
182, 2
183, 3
184, 2
185, 4
186, 6
187, 4
188, 0
189, 2
190, 1
191, 1
192, 1
193, 1
194, 4
195, 2
196, 5
197, 2
198, 3
199, 2
200, 1
201, 2
202, 4
203, 5
204, 0
205, 3
206, 2
207, 2
208, 3
209, 1
210, 3
211, 4
212, 3
213, 3
214, 3
215, 1
216, 2
217, 3
218, 3
219, 4
220, 3
221, 2
222, 2
223, 0
224, 5
225, 1
226, 4
227, 3
228, 6
229, 3
230, 2
231, 3
232, 1
233, 1
234, 4
235, 2
236, 2
237, 3
238, 1
239, 4
240, 2
241, 2
242, 4
243, 5
244, 2
245, 3
246, 3
247, 0
248, 3
249, 5
250, 1
251, 1
252, 1
253, 4
254, 2
255, 1
Succeeded in sending cmd.
Succeeded in reading reply.
0, 1114582
1, 0
2, 0
3, 0
4, 111
5, 299
6, 354
7, 229
8, 83
9, 74
10, 119
11, 140
12, 79
13, 96
14, 161
15, 158
16, 157
17, 179
18, 148
19, 166
20, 99
21, 130
22, 139
23, 142
24, 137
25, 114
26, 142
27, 115
28, 128
29, 111
30, 115
31, 93
32, 114
33, 112
34, 90
35, 103
36, 87
37, 87
38, 65
39, 91
40, 95
41, 69
42, 57
43, 34
44, 30
45, 45
46, 45
47, 43
48, 50
49, 39
50, 36
51, 34
52, 45
53, 41
54, 29
55, 32
56, 42
57, 42
58, 33
59, 27
60, 24
61, 16
62, 29
63, 15
64, 24
65, 31
66, 13
67, 15
68, 12
69, 13
70, 19
71, 25
72, 17
73, 17
74, 20
75, 12
76, 17
77, 18
78, 14
79, 17
80, 8
81, 10
82, 10
83, 6
84, 16
85, 13
86, 10
87, 7
88, 13
89, 19
90, 8
91, 11
92, 9
93, 6
94, 8
95, 10
96, 7
97, 11
98, 8
99, 10
100, 10
101, 8
102, 9
103, 10
104, 8
105, 6
106, 4
107, 2
108, 7
109, 11
110, 5
111, 5
112, 15
113, 11
114, 4
115, 5
116, 9
117, 3
118, 8
119, 8
120, 6
121, 3
122, 8
123, 11
124, 8
125, 5
126, 4
127, 2
128, 5
129, 13
130, 4
131, 7
132, 4
133, 6
134, 9
135, 5
136, 2
137, 5
138, 6
139, 5
140, 4
141, 9
142, 5
143, 3
144, 10
145, 3
146, 5
147, 4
148, 7
149, 8
150, 3
151, 0
152, 4
153, 7
154, 7
155, 4
156, 9
157, 3
158, 1
159, 6
160, 2
161, 6
162, 3
163, 1
164, 4
165, 3
166, 2
167, 1
168, 3
169, 5
170, 2
171, 5
172, 3
173, 2
174, 3
175, 8
176, 2
177, 2
178, 1
179, 2
180, 5
181, 3
182, 2
183, 3
184, 2
185, 4
186, 6
187, 4
188, 0
189, 2
190, 1
191, 1
192, 1
193, 1
194, 4
195, 2
196, 5
197, 2
198, 3
199, 2
200, 1
201, 2
202, 4
203, 5
204, 0
205, 3
206, 2
207, 2
208, 3
209, 1
210, 3
211, 4
212, 3
213, 3
214, 3
215, 1
216, 2
217, 3
218, 3
219, 4
220, 3
221, 2
222, 2
223, 0
224, 5
225, 1
226, 4
227, 3
228, 6
229, 3
230, 2
231, 3
232, 1
233, 1
234, 4
235, 2
236, 2
237, 3
238, 1
239, 4
240, 2
241, 2
242, 4
243, 5
244, 2
245, 3
246, 3
247, 0
248, 3
249, 5
250, 1
251, 1
252, 1
253, 4
254, 2
255, 1
Succeeded in sending cmd.
Succeeded in reading reply.
0, 1114582
1, 0
2, 0
3, 0
4, 112
5, 299
6, 357
7, 229
8, 83
9, 74
10, 119
11, 141
12, 79
13, 96
14, 161
15, 158
16, 157
17, 179
18, 150
19, 166
20, 101
21, 130
22, 140
23, 142
24, 137
25, 114
26, 144
27, 115
28, 129
29, 112
30, 115
31, 93
32, 115
33, 113
34, 91
35, 104
36, 88
37, 90
38, 65
39, 91
40, 95
41, 70
42, 57
43, 34
44, 31
45, 45
46, 45
47, 43
48, 51
49, 39
50, 36
51, 34
52, 45
53, 41
54, 29
55, 32
56, 42
57, 43
58, 33
59, 27
60, 24
61, 16
62, 29
63, 15
64, 24
65, 31
66, 13
67, 16
68, 12
69, 13
70, 19
71, 25
72, 18
73, 17
74, 20
75, 12
76, 17
77, 18
78, 14
79, 17
80, 8
81, 10
82, 10
83, 6
84, 16
85, 13
86, 10
87, 7
88, 13
89, 19
90, 8
91, 11
92, 9
93, 6
94, 9
95, 10
96, 7
97, 11
98, 8
99, 10
100, 10
101, 8
102, 9
103, 10
104, 8
105, 6
106, 4
107, 2
108, 7
109, 11
110, 5
111, 5
112, 15
113, 11
114, 4
115, 5
116, 9
117, 3
118, 8
119, 8
120, 6
121, 3
122, 8
123, 11
124, 8
125, 5
126, 4
127, 2
128, 5
129, 13
130, 4
131, 7
132, 4
133, 6
134, 9
135, 5
136, 2
137, 5
138, 6
139, 5
140, 4
141, 9
142, 5
143, 3
144, 10
145, 3
146, 5
147, 4
148, 7
149, 8
150, 3
151, 0
152, 4
153, 8
154, 7
155, 4
156, 9
157, 3
158, 1
159, 6
160, 2
161, 6
162, 3
163, 1
164, 4
165, 3
166, 2
167, 1
168, 3
169, 5
170, 2
171, 5
172, 3
173, 2
174, 3
175, 8
176, 2
177, 2
178, 1
179, 2
180, 5
181, 3
182, 2
183, 3
184, 2
185, 4
186, 6
187, 4
188, 0
189, 2
190, 1
191, 1
192, 1
193, 1
194, 4
195, 2
196, 5
197, 2
198, 3
199, 2
200, 1
201, 2
202, 4
203, 5
204, 0
205, 3
206, 2
207, 2
208, 3
209, 1
210, 3
211, 4
212, 3
213, 3
214, 3
215, 1
216, 2
217, 3
218, 3
219, 4
220, 4
221, 2
222, 2
223, 0
224, 5
225, 1
226, 4
227, 3
228, 6
229, 3
230, 2
231, 3
232, 1
233, 1
234, 4
235, 2
236, 2
237, 3
238, 1
239, 4
240, 2
241, 2
242, 4
243, 5
244, 2
245, 3
246, 3
247, 0
248, 3
249, 5
250, 1
251, 1
252, 1
253, 4
254, 2
255, 1
Succeeded in sending cmd.
Succeeded in reading reply.
0, 1376726
1, 0
2, 0
3, 0
4, 113
5, 299
6, 358
7, 231
8, 84
9, 74
10, 120
11, 142
12, 79
13, 97
14, 161
15, 158
16, 158
17, 179
18, 151
19, 168
20, 102
21, 130
22, 140
23, 142
24, 138
25, 117
26, 144
27, 115
28, 129
29, 112
30, 115
31, 94
32, 116
33, 115
34, 92
35, 105
36, 89
37, 90
38, 65
39, 91
40, 96
41, 70
42, 58
43, 34
44, 31
45, 47
46, 46
47, 44
48, 51
49, 40
50, 39
51, 34
52, 46
53, 41
54, 29
55, 32
56, 42
57, 43
58, 33
59, 28
60, 24
61, 16
62, 29
63, 15
64, 24
65, 31
66, 14
67, 17
68, 12
69, 13
70, 19
71, 25
72, 18
73, 17
74, 20
75, 13
76, 18
77, 18
78, 14
79, 17
80, 8
81, 10
82, 10
83, 6
84, 16
85, 13
86, 10
87, 7
88, 13
89, 19
90, 8
91, 11
92, 9
93, 6
94, 9
95, 10
96, 7
97, 11
98, 8
99, 10
100, 10
101, 8
102, 9
103, 10
104, 8
105, 6
106, 4
107, 2
108, 7
109, 11
110, 5
111, 5
112, 15
113, 11
114, 4
115, 5
116, 9
117, 3
118, 8
119, 8
120, 6
121, 3
122, 8
123, 11
124, 8
125, 5
126, 4
127, 2
128, 5
129, 13
130, 4
131, 7
132, 5
133, 6
134, 9
135, 5
136, 2
137, 5
138, 6
139, 5
140, 4
141, 9
142, 5
143, 3
144, 10
145, 3
146, 5
147, 4
148, 7
149, 8
150, 3
151, 0
152, 4
153, 8
154, 7
155, 4
156, 9
157, 3
158, 1
159, 6
160, 2
161, 6
162, 3
163, 2
164, 4
165, 3
166, 2
167, 1
168, 3
169, 5
170, 2
171, 5
172, 3
173, 2
174, 3
175, 8
176, 2
177, 2
178, 1
179, 2
180, 5
181, 3
182, 2
183, 3
184, 2
185, 4
186, 6
187, 4
188, 0
189, 2
190, 1
191, 1
192, 1
193, 1
194, 4
195, 2
196, 5
197, 2
198, 3
199, 2
200, 1
201, 2
202, 4
203, 5
204, 0
205, 3
206, 2
207, 2
208, 3
209, 1
210, 3
211, 4
212, 3
213, 3
214, 3
215, 1
216, 2
217, 3
218, 3
219, 5
220, 4
221, 2
222, 2
223, 0
224, 5
225, 1
226, 4
227, 3
228, 6
229, 3
230, 2
231, 3
232, 1
233, 1
234, 4
235, 2
236, 2
237, 3
238, 1
239, 4
240, 2
241, 2
242, 4
243, 5
244, 2
245, 3
246, 3
247, 0
248, 3
249, 5
250, 1
251, 1
252, 1
253, 4
254, 2
255, 1
Succeeded in sending cmd.
Succeeded in reading reply.
0, 1245654
1, 0
2, 0
3, 0
4, 113
5, 299
6, 360
7, 235
8, 87
9, 74
10, 120
11, 143
12, 79
13, 98
14, 162
15, 160
16, 159
17, 180
18, 154
19, 168
20, 103
21, 131
22, 142
23, 143
24, 140
25, 117
26, 144
27, 116
28, 129
29, 113
30, 115
31, 94
32, 117
33, 116
34, 93
35, 106
36, 89
37, 91
38, 66
39, 92
40, 98
41, 70
42, 58
43, 34
44, 31
45, 47
46, 46
47, 45
48, 51
49, 41
50, 39
51, 34
52, 46
53, 43
54, 30
55, 33
56, 42
57, 43
58, 33
59, 28
60, 24
61, 16
62, 29
63, 15
64, 24
65, 31
66, 15
67, 17
68, 12
69, 13
70, 19
71, 25
72, 18
73, 17
74, 20
75, 13
76, 19
77, 18
78, 14
79, 17
80, 8
81, 10
82, 10
83, 6
84, 16
85, 13
86, 10
87, 7
88, 13
89, 19
90, 8
91, 11
92, 9
93, 6
94, 9
95, 11
96, 7
97, 11
98, 8
99, 10
100, 10
101, 8
102, 9
103, 10
104, 8
105, 6
106, 5
107, 2
108, 7
109, 11
110, 5
111, 5
112, 15
113, 11
114, 4
115, 5
116, 9
117, 3
118, 8
119, 8
120, 6
121, 3
122, 8
123, 11
124, 8
125, 5
126, 4
127, 2
128, 5
129, 13
130, 4
131, 7
132, 5
133, 6
134, 9
135, 5
136, 2
137, 6
138, 6
139, 5
140, 4
141, 9
142, 5
143, 3
144, 10
145, 3
146, 5
147, 4
148, 7
149, 8
150, 3
151, 0
152, 4
153, 8
154, 7
155, 4
156, 9
157, 3
158, 1
159, 6
160, 2
161, 6
162, 3
163, 2
164, 4
165, 3
166, 2
167, 1
168, 4
169, 5
170, 2
171, 5
172, 3
173, 2
174, 3
175, 8
176, 2
177, 2
178, 1
179, 2
180, 5
181, 3
182, 2
183, 3
184, 2
185, 4
186, 6
187, 4
188, 0
189, 2
190, 1
191, 1
192, 1
193, 1
194, 4
195, 2
196, 5
197, 2
198, 3
199, 2
200, 1
201, 2
202, 4
203, 5
204, 0
205, 3
206, 2
207, 2
208, 3
209, 1
210, 3
211, 4
212, 3
213, 3
214, 3
215, 1
216, 2
217, 3
218, 3
219, 5
220, 4
221, 2
222, 2
223, 0
224, 5
225, 1
226, 4
227, 3
228, 6
229, 3
230, 2
231, 3
232, 1
233, 1
234, 4
235, 2
236, 2
237, 3
238, 1
239, 4
240, 2
241, 2
242, 4
243, 5
244, 2
245, 3
246, 3
247, 0
248, 3
249, 5
250, 1
251, 1
252, 1
253, 4
254, 2
255, 1
Succeeded in sending cmd.
Succeeded in reading reply.
0, 1245654
1, 0
2, 0
3, 0
4, 113
5, 300
6, 364
7, 238
8, 87
9, 74
10, 120
11, 143
12, 80
13, 99
14, 164
15, 161
16, 161
17, 180
18, 156
19, 168
20, 103
21, 131
22, 143
23, 144
24, 142
25, 118
26, 145
27, 116
28, 129
29, 113
30, 115
31, 95
32, 118
33, 117
34, 94
35, 106
36, 89
37, 91
38, 68
39, 92
40, 98
41, 70
42, 59
43, 34
44, 31
45, 47
46, 46
47, 47
48, 52
49, 42
50, 39
51, 34
52, 46
53, 43
54, 30
55, 33
56, 42
57, 43
58, 33
59, 29
60, 24
61, 17
62, 29
63, 15
64, 24
65, 31
66, 15
67, 17
68, 12
69, 13
70, 19
71, 25
72, 18
73, 17
74, 20
75, 13
76, 19
77, 18
78, 14
79, 17
80, 8
81, 10
82, 10
83, 6
84, 17
85, 13
86, 10
87, 7
88, 13
89, 19
90, 8
91, 11
92, 9
93, 6
94, 9
95, 11
96, 7
97, 11
98, 8
99, 10
100, 10
101, 8
102, 9
103, 10
104, 8
105, 6
106, 5
107, 2
108, 7
109, 11
110, 5
111, 5
112, 15
113, 11
114, 4
115, 5
116, 9
117, 3
118, 8
119, 8
120, 6
121, 3
122, 8
123, 11
124, 8
125, 5
126, 4
127, 2
128, 5
129, 13
130, 4
131, 7
132, 5
133, 6
134, 9
135, 5
136, 2
137, 6
138, 7
139, 5
140, 4
141, 9
142, 5
143, 3
144, 10
145, 3
146, 5
147, 4
148, 7
149, 8
150, 3
151, 0
152, 4
153, 8
154, 7
155, 4
156, 9
157, 3
158, 1
159, 6
160, 2
161, 6
162, 3
163, 2
164, 4
165, 3
166, 2
167, 1
168, 4
169, 5
170, 2
171, 5
172, 3
173, 2
174, 3
175, 8
176, 2
177, 2
178, 1
179, 2
180, 5
181, 3
182, 2
183, 3
184, 2
185, 4
186, 6
187, 4
188, 1
189, 2
190, 1
191, 1
192, 1
193, 1
194, 4
195, 2
196, 5
197, 2
198, 3
199, 2
200, 1
201, 2
202, 4
203, 5
204, 0
205, 3
206, 2
207, 2
208, 3
209, 1
210, 3
211, 4
212, 3
213, 3
214, 3
215, 1
216, 2
217, 3
218, 3
219, 5
220, 4
221, 2
222, 2
223, 0
224, 5
225, 1
226, 4
227, 3
228, 6
229, 3
230, 2
231, 3
232, 1
233, 2
234, 4
235, 2
236, 2
237, 3
238, 1
239, 4
240, 2
241, 2
242, 5
243, 5
244, 2
245, 3
246, 3
247, 0
248, 3
249, 5
250, 1
251, 1
252, 1
253, 4
254, 2
255, 1
Succeeded in sending cmd.
Succeeded in reading reply.
0, 1442262
1, 0
2, 0
3, 0
4, 114
5, 300
6, 364
7, 241
8, 90
9, 74
10, 120
11, 143
12, 80
13, 99
14, 164
15, 161
16, 163
17, 180
18, 157
19, 168
20, 103
21, 131
22, 145
23, 145
24, 142
25, 119
26, 147
27, 117
28, 129
29, 113
30, 115
31, 95
32, 118
33, 119
34, 95
35, 106
36, 90
37, 91
38, 68
39, 93
40, 98
41, 71
42, 59
43, 34
44, 31
45, 47
46, 47
47, 47
48, 53
49, 42
50, 39
51, 35
52, 48
53, 43
54, 31
55, 34
56, 42
57, 44
58, 33
59, 29
60, 24
61, 17
62, 29
63, 15
64, 24
65, 31
66, 16
67, 17
68, 12
69, 13
70, 19
71, 26
72, 18
73, 18
74, 20
75, 13
76, 19
77, 18
78, 15
79, 17
80, 8
81, 10
82, 10
83, 6
84, 17
85, 13
86, 10
87, 7
88, 13
89, 19
90, 8
91, 12
92, 9
93, 6
94, 9
95, 11
96, 7
97, 11
98, 8
99, 10
100, 10
101, 8
102, 9
103, 10
104, 8
105, 6
106, 5
107, 2
108, 7
109, 11
110, 5
111, 5
112, 15
113, 11
114, 4
115, 5
116, 9
117, 3
118, 8
119, 8
120, 6
121, 3
122, 8
123, 11
124, 8
125, 5
126, 4
127, 2
128, 5
129, 13
130, 5
131, 7
132, 5
133, 6
134, 9
135, 5
136, 2
137, 6
138, 7
139, 5
140, 4
141, 9
142, 5
143, 3
144, 10
145, 3
146, 5
147, 4
148, 7
149, 8
150, 3
151, 0
152, 4
153, 8
154, 7
155, 4
156, 9
157, 3
158, 1
159, 6
160, 2
161, 6
162, 3
163, 2
164, 4
165, 3
166, 2
167, 1
168, 4
169, 5
170, 2
171, 5
172, 3
173, 2
174, 3
175, 8
176, 2
177, 2
178, 1
179, 2
180, 5
181, 3
182, 2
183, 3
184, 2
185, 4
186, 6
187, 4
188, 1
189, 2
190, 1
191, 1
192, 1
193, 1
194, 4
195, 2
196, 5
197, 2
198, 3
199, 2
200, 1
201, 2
202, 4
203, 5
204, 0
205, 3
206, 2
207, 2
208, 4
209, 1
210, 3
211, 4
212, 3
213, 3
214, 3
215, 1
216, 2
217, 3
218, 3
219, 5
220, 4
221, 2
222, 2
223, 1
224, 5
225, 1
226, 4
227, 3
228, 6
229, 3
230, 2
231, 3
232, 1
233, 2
234, 4
235, 2
236, 2
237, 3
238, 1
239, 4
240, 2
241, 2
242, 5
243, 5
244, 2
245, 3
246, 3
247, 0
248, 3
249, 5
250, 1
251, 1
252, 1
253, 4
254, 2
255, 1
Succeeded in sending cmd.
Succeeded in reading reply.
0, 1376726
1, 0
2, 0
3, 0
4, 114
5, 300
6, 367
7, 243
8, 90
9, 74
10, 121
11, 144
12, 80
13, 100
14, 164
15, 163
16, 163
17, 181
18, 159
19, 168
20, 103
21, 131
22, 145
23, 147
24, 143
25, 120
26, 148
27, 119
28, 129
29, 113
30, 116
31, 95
32, 118
33, 120
34, 96
35, 106
36, 91
37, 92
38, 70
39, 93
40, 98
41, 71
42, 59
43, 34
44, 31
45, 48
46, 47
47, 47
48, 53
49, 42
50, 40
51, 35
52, 48
53, 44
54, 31
55, 34
56, 42
57, 44
58, 33
59, 29
60, 24
61, 17
62, 29
63, 15
64, 24
65, 31
66, 16
67, 18
68, 12
69, 14
70, 19
71, 26
72, 18
73, 18
74, 20
75, 13
76, 19
77, 18
78, 15
79, 17
80, 8
81, 10
82, 10
83, 6
84, 17
85, 13
86, 10
87, 7
88, 13
89, 19
90, 8
91, 12
92, 9
93, 6
94, 9
95, 11
96, 8
97, 11
98, 8
99, 10
100, 10
101, 8
102, 9
103, 10
104, 8
105, 6
106, 5
107, 2
108, 7
109, 11
110, 5
111, 5
112, 15
113, 11
114, 4
115, 5
116, 9
117, 3
118, 8
119, 8
120, 6
121, 3
122, 8
123, 11
124, 8
125, 5
126, 4
127, 2
128, 5
129, 13
130, 5
131, 7
132, 5
133, 6
134, 9
135, 5
136, 2
137, 7
138, 7
139, 5
140, 4
141, 9
142, 5
143, 3
144, 10
145, 3
146, 5
147, 4
148, 7
149, 8
150, 3
151, 0
152, 4
153, 8
154, 7
155, 4
156, 10
157, 3
158, 1
159, 6
160, 2
161, 6
162, 3
163, 2
164, 4
165, 3
166, 2
167, 2
168, 4
169, 5
170, 2
171, 5
172, 4
173, 2
174, 3
175, 8
176, 2
177, 2
178, 1
179, 2
180, 5
181, 3
182, 2
183, 3
184, 2
185, 4
186, 6
187, 4
188, 1
189, 2
190, 1
191, 1
192, 1
193, 1
194, 4
195, 2
196, 5
197, 2
198, 3
199, 2
200, 1
201, 2
202, 4
203, 5
204, 0
205, 3
206, 2
207, 2
208, 4
209, 1
210, 3
211, 4
212, 4
213, 3
214, 3
215, 1
216, 2
217, 3
218, 3
219, 5
220, 4
221, 2
222, 2
223, 1
224, 5
225, 1
226, 4
227, 3
228, 6
229, 3
230, 2
231, 3
232, 1
233, 2
234, 4
235, 2
236, 2
237, 3
238, 1
239, 4
240, 2
241, 2
242, 5
243, 5
244, 2
245, 3
246, 3
247, 0
248, 3
249, 5
250, 1
251, 1
252, 1
253, 4
254, 2
255, 1
Succeeded in sending cmd.
Succeeded in reading reply.
0, 1180117
1, 0
2, 0
3, 0
4, 114
5, 300
6, 369
7, 245
8, 90
9, 74
10, 121
11, 145
12, 81
13, 101
14, 164
15, 164
16, 163
17, 182
18, 161
19, 169
20, 104
21, 131
22, 145
23, 148
24, 143
25, 120
26, 148
27, 121
28, 129
29, 113
30, 117
31, 95
32, 120
33, 120
34, 96
35, 106
36, 91
37, 92
38, 70
39, 93
40, 98
41, 72
42, 60
43, 35
44, 31
45, 48
46, 48
47, 49
48, 54
49, 43
50, 40
51, 36
52, 48
53, 44
54, 31
55, 34
56, 44
57, 44
58, 33
59, 29
60, 24
61, 18
62, 29
63, 15
64, 24
65, 32
66, 16
67, 18
68, 13
69, 14
70, 19
71, 26
72, 18
73, 18
74, 20
75, 14
76, 19
77, 18
78, 15
79, 17
80, 8
81, 10
82, 10
83, 6
84, 17
85, 13
86, 10
87, 7
88, 13
89, 19
90, 8
91, 12
92, 9
93, 6
94, 9
95, 11
96, 9
97, 11
98, 8
99, 10
100, 10
101, 8
102, 9
103, 10
104, 8
105, 6
106, 5
107, 2
108, 7
109, 11
110, 5
111, 5
112, 15
113, 11
114, 4
115, 5
116, 9
117, 3
118, 8
119, 8
120, 6
121, 3
122, 8
123, 11
124, 8
125, 5
126, 4
127, 2
128, 5
129, 13
130, 5
131, 7
132, 5
133, 6
134, 9
135, 5
136, 2
137, 7
138, 7
139, 5
140, 4
141, 9
142, 5
143, 3
144, 10
145, 3
146, 5
147, 4
148, 7
149, 8
150, 3
151, 0
152, 4
153, 8
154, 7
155, 4
156, 10
157, 3
158, 1
159, 6
160, 2
161, 6
162, 3
163, 2
164, 4
165, 3
166, 2
167, 2
168, 4
169, 5
170, 2
171, 5
172, 4
173, 2
174, 3
175, 8
176, 2
177, 2
178, 1
179, 2
180, 5
181, 3
182, 2
183, 3
184, 2
185, 4
186, 6
187, 4
188, 1
189, 2
190, 1
191, 1
192, 1
193, 1
194, 4
195, 2
196, 5
197, 2
198, 3
199, 2
200, 1
201, 2
202, 4
203, 5
204, 0
205, 3
206, 2
207, 2
208, 5
209, 1
210, 3
211, 4
212, 4
213, 3
214, 3
215, 1
216, 2
217, 3
218, 3
219, 5
220, 4
221, 2
222, 2
223, 1
224, 5
225, 1
226, 4
227, 3
228, 6
229, 3
230, 2
231, 3
232, 1
233, 2
234, 4
235, 2
236, 2
237, 3
238, 1
239, 4
240, 2
241, 2
242, 5
243, 5
244, 2
245, 3
246, 3
247, 0
248, 3
249, 5
250, 1
251, 1
252, 1
253, 4
254, 2
255, 1
Succeeded in sending cmd.
Succeeded in reading reply.
0, 1180117
1, 0
2, 0
3, 0
4, 114
5, 301
6, 370
7, 248
8, 91
9, 74
10, 121
11, 146
12, 81
13, 101
14, 164
15, 164
16, 164
17, 182
18, 163
19, 170
20, 105
21, 131
22, 145
23, 148
24, 143
25, 120
26, 148
27, 121
28, 131
29, 113
30, 117
31, 95
32, 121
33, 120
34, 96
35, 106
36, 91
37, 92
38, 70
39, 93
40, 98
41, 73
42, 60
43, 35
44, 32
45, 48
46, 48
47, 50
48, 54
49, 43
50, 40
51, 36
52, 48
53, 44
54, 31
55, 34
56, 45
57, 44
58, 34
59, 29
60, 24
61, 18
62, 29
63, 15
64, 24
65, 32
66, 16
67, 19
68, 14
69, 14
70, 20
71, 26
72, 18
73, 18
74, 20
75, 14
76, 19
77, 18
78, 15
79, 17
80, 8
81, 10
82, 10
83, 6
84, 17
85, 13
86, 10
87, 7
88, 13
89, 19
90, 8
91, 12
92, 9
93, 6
94, 9
95, 11
96, 9
97, 11
98, 8
99, 10
100, 10
101, 8
102, 9
103, 10
104, 8
105, 7
106, 5
107, 2
108, 7
109, 11
110, 5
111, 5
112, 15
113, 11
114, 4
115, 5
116, 10
117, 3
118, 8
119, 8
120, 6
121, 3
122, 8
123, 11
124, 8
125, 5
126, 4
127, 2
128, 5
129, 13
130, 5
131, 7
132, 5
133, 6
134, 9
135, 5
136, 2
137, 7
138, 7
139, 5
140, 4
141, 9
142, 5
143, 3
144, 10
145, 3
146, 5
147, 4
148, 7
149, 8
150, 3
151, 0
152, 4
153, 8
154, 7
155, 4
156, 10
157, 3
158, 1
159, 6
160, 2
161, 6
162, 4
163, 2
164, 4
165, 3
166, 2
167, 2
168, 4
169, 5
170, 2
171, 5
172, 4
173, 2
174, 3
175, 8
176, 2
177, 2
178, 1
179, 2
180, 5
181, 3
182, 2
183, 3
184, 2
185, 4
186, 6
187, 4
188, 1
189, 2
190, 1
191, 1
192, 1
193, 1
194, 4
195, 2
196, 5
197, 2
198, 3
199, 2
200, 1
201, 2
202, 4
203, 5
204, 0
205, 3
206, 2
207, 2
208, 5
209, 1
210, 3
211, 5
212, 4
213, 3
214, 3
215, 1
216, 2
217, 3
218, 3
219, 5
220, 4
221, 2
222, 2
223, 1
224, 5
225, 1
226, 4
227, 3
228, 6
229, 3
230, 2
231, 3
232, 1
233, 2
234, 4
235, 2
236, 2
237, 3
238, 1
239, 4
240, 2
241, 2
242, 5
243, 5
244, 2
245, 3
246, 3
247, 0
248, 3
249, 5
250, 1
251, 1
252, 1
253, 4
254, 2
255, 1
Succeeded in sending cmd.
Succeeded in reading reply.
0, 1442261
1, 0
2, 0
3, 0
4, 114
5, 301
6, 371
7, 253
8, 92
9, 75
10, 123
11, 147
12, 81
13, 104
14, 165
15, 164
16, 165
17, 186
18, 167
19, 170
20, 106
21, 132
22, 145
23, 149
24, 143
25, 123
26, 148
27, 124
28, 133
29, 115
30, 117
31, 95
32, 122
33, 121
34, 97
35, 106
36, 91
37, 94
38, 71
39, 94
40, 99
41, 76
42, 60
43, 36
44, 33
45, 48
46, 49
47, 50
48, 55
49, 44
50, 40
51, 36
52, 48
53, 44
54, 31
55, 34
56, 46
57, 44
58, 34
59, 30
60, 24
61, 18
62, 29
63, 16
64, 24
65, 32
66, 16
67, 19
68, 14
69, 14
70, 20
71, 26
72, 18
73, 18
74, 21
75, 14
76, 19
77, 18
78, 15
79, 18
80, 8
81, 10
82, 10
83, 6
84, 17
85, 13
86, 10
87, 7
88, 13
89, 19
90, 8
91, 12
92, 10
93, 6
94, 9
95, 11
96, 9
97, 11
98, 8
99, 10
100, 10
101, 8
102, 9
103, 10
104, 8
105, 7
106, 5
107, 2
108, 7
109, 11
110, 5
111, 5
112, 15
113, 11
114, 4
115, 5
116, 10
117, 3
118, 8
119, 8
120, 6
121, 3
122, 8
123, 11
124, 8
125, 5
126, 4
127, 2
128, 6
129, 13
130, 5
131, 7
132, 5
133, 6
134, 9
135, 5
136, 2
137, 7
138, 7
139, 5
140, 4
141, 9
142, 5
143, 3
144, 10
145, 3
146, 6
147, 4
148, 7
149, 8
150, 3
151, 0
152, 4
153, 8
154, 7
155, 4
156, 10
157, 3
158, 1
159, 6
160, 2
161, 6
162, 4
163, 2
164, 4
165, 3
166, 2
167, 2
168, 4
169, 5
170, 2
171, 5
172, 4
173, 2
174, 3
175, 8
176, 2
177, 2
178, 1
179, 2
180, 5
181, 3
182, 2
183, 3
184, 2
185, 4
186, 6
187, 4
188, 1
189, 2
190, 1
191, 1
192, 1
193, 1
194, 4
195, 2
196, 5
197, 2
198, 3
199, 2
200, 1
201, 2
202, 4
203, 5
204, 0
205, 3
206, 2
207, 2
208, 5
209, 1
210, 3
211, 5
212, 4
213, 3
214, 3
215, 1
216, 2
217, 4
218, 3
219, 5
220, 4
221, 2
222, 2
223, 1
224, 6
225, 1
226, 4
227, 3
228, 6
229, 3
230, 2
231, 3
232, 1
233, 2
234, 4
235, 2
236, 2
237, 3
238, 1
239, 4
240, 2
241, 2
242, 5
243, 5
244, 2
245, 3
246, 3
247, 0
248, 3
249, 5
250, 1
251, 1
252, 1
253, 4
254, 2
255, 1
Succeeded in sending cmd.
Succeeded in reading reply.
0, 1180117
1, 0
2, 0
3, 0
4, 114
5, 301
6, 377
7, 258
8, 92
9, 77
10, 123
11, 147
12, 81
13, 104
14, 165
15, 164
16, 166
17, 186
18, 167
19, 170
20, 106
21, 134
22, 145
23, 150
24, 143
25, 124
26, 149
27, 124
28, 133
29, 117
30, 117
31, 95
32, 123
33, 121
34, 99
35, 107
36, 92
37, 95
38, 71
39, 94
40, 100
41, 77
42, 61
43, 36
44, 34
45, 49
46, 49
47, 51
48, 55
49, 44
50, 42
51, 37
52, 48
53, 44
54, 32
55, 34
56, 46
57, 45
58, 34
59, 30
60, 24
61, 18
62, 29
63, 16
64, 24
65, 32
66, 16
67, 19
68, 15
69, 14
70, 20
71, 26
72, 18
73, 18
74, 22
75, 14
76, 19
77, 18
78, 15
79, 18
80, 8
81, 11
82, 10
83, 6
84, 17
85, 13
86, 10
87, 7
88, 13
89, 19
90, 8
91, 12
92, 10
93, 6
94, 9
95, 11
96, 9
97, 11
98, 8
99, 10
100, 10
101, 8
102, 9
103, 10
104, 9
105, 7
106, 5
107, 2
108, 7
109, 11
110, 5
111, 5
112, 15
113, 11
114, 4
115, 5
116, 10
117, 3
118, 8
119, 8
120, 6
121, 3
122, 8
123, 12
124, 8
125, 5
126, 4
127, 2
128, 6
129, 13
130, 5
131, 7
132, 5
133, 6
134, 9
135, 5
136, 2
137, 7
138, 7
139, 5
140, 4
141, 9
142, 5
143, 3
144, 10
145, 3
146, 6
147, 4
148, 7
149, 8
150, 3
151, 0
152, 4
153, 8
154, 7
155, 4
156, 10
157, 3
158, 1
159, 6
160, 2
161, 6
162, 4
163, 2
164, 4
165, 3
166, 2
167, 2
168, 4
169, 5
170, 2
171, 5
172, 4
173, 2
174, 3
175, 8
176, 2
177, 2
178, 1
179, 2
180, 5
181, 3
182, 2
183, 3
184, 2
185, 4
186, 6
187, 4
188, 1
189, 2
190, 1
191, 1
192, 1
193, 1
194, 4
195, 2
196, 5
197, 2
198, 3
199, 2
200, 1
201, 2
202, 4
203, 5
204, 0
205, 3
206, 2
207, 2
208, 5
209, 1
210, 3
211, 5
212, 4
213, 3
214, 3
215, 1
216, 2
217, 4
218, 3
219, 5
220, 4
221, 2
222, 3
223, 1
224, 6
225, 1
226, 4
227, 3
228, 6
229, 3
230, 2
231, 3
232, 1
233, 2
234, 4
235, 2
236, 2
237, 3
238, 1
239, 4
240, 2
241, 2
242, 5
243, 5
244, 2
245, 3
246, 3
247, 0
248, 3
249, 5
250, 1
251, 1
252, 1
253, 4
254, 2
255, 1
Succeeded in sending cmd.
Succeeded in reading reply.
0, 1311189
1, 0
2, 0
3, 0
4, 115
5, 302
6, 377
7, 261
8, 92
9, 77
10, 123
11, 147
12, 82
13, 104
14, 165
15, 164
16, 167
17, 188
18, 167
19, 171
20, 106
21, 136
22, 146
23, 151
24, 145
25, 124
26, 150
27, 125
28, 133
29, 119
30, 118
31, 95
32, 124
33, 121
34, 99
35, 107
36, 92
37, 95
38, 71
39, 94
40, 100
41, 77
42, 62
43, 36
44, 34
45, 49
46, 50
47, 51
48, 57
49, 44
50, 42
51, 37
52, 48
53, 44
54, 32
55, 34
56, 46
57, 45
58, 35
59, 30
60, 24
61, 19
62, 29
63, 16
64, 25
65, 32
66, 16
67, 19
68, 16
69, 14
70, 20
71, 26
72, 20
73, 18
74, 22
75, 14
76, 19
77, 18
78, 15
79, 18
80, 8
81, 11
82, 10
83, 6
84, 17
85, 13
86, 11
87, 7
88, 13
89, 19
90, 8
91, 12
92, 10
93, 6
94, 9
95, 11
96, 9
97, 11
98, 8
99, 10
100, 10
101, 8
102, 9
103, 10
104, 9
105, 7
106, 5
107, 2
108, 8
109, 11
110, 5
111, 5
112, 15
113, 11
114, 4
115, 5
116, 10
117, 3
118, 8
119, 8
120, 6
121, 3
122, 8
123, 12
124, 8
125, 5
126, 4
127, 2
128, 6
129, 13
130, 5
131, 7
132, 5
133, 6
134, 9
135, 5
136, 2
137, 7
138, 7
139, 5
140, 4
141, 9
142, 5
143, 3
144, 10
145, 3
146, 6
147, 4
148, 7
149, 8
150, 3
151, 0
152, 4
153, 8
154, 7
155, 4
156, 10
157, 3
158, 1
159, 6
160, 2
161, 6
162, 4
163, 2
164, 4
165, 3
166, 2
167, 2
168, 4
169, 5
170, 3
171, 5
172, 4
173, 2
174, 3
175, 8
176, 2
177, 2
178, 1
179, 2
180, 5
181, 3
182, 3
183, 3
184, 2
185, 4
186, 6
187, 4
188, 1
189, 2
190, 1
191, 1
192, 1
193, 1
194, 4
195, 2
196, 5
197, 2
198, 3
199, 2
200, 2
201, 2
202, 4
203, 5
204, 0
205, 4
206, 2
207, 2
208, 5
209, 1
210, 3
211, 5
212, 4
213, 3
214, 3
215, 1
216, 2
217, 4
218, 3
219, 5
220, 4
221, 2
222, 3
223, 1
224, 6
225, 1
226, 4
227, 3
228, 6
229, 3
230, 2
231, 3
232, 1
233, 2
234, 4
235, 2
236, 2
237, 3
238, 1
239, 4
240, 2
241, 2
242, 5
243, 5
244, 2
245, 3
246, 3
247, 0
248, 3
249, 6
250, 1
251, 1
252, 1
253, 4
254, 2
255, 1
Succeeded in sending cmd.
Succeeded in reading reply.
0, 983509
1, 0
2, 0
3, 0
4, 115
5, 302
6, 377
7, 264
8, 92
9, 77
10, 123
11, 147
12, 83
13, 105
14, 166
15, 165
16, 167
17, 188
18, 169
19, 171
20, 107
21, 136
22, 146
23, 151
24, 147
25, 125
26, 151
27, 126
28, 133
29, 119
30, 118
31, 96
32, 124
33, 122
34, 100
35, 108
36, 92
37, 96
38, 72
39, 95
40, 100
41, 78
42, 62
43, 36
44, 35
45, 49
46, 51
47, 51
48, 57
49, 44
50, 43
51, 37
52, 48
53, 44
54, 32
55, 34
56, 46
57, 45
58, 35
59, 30
60, 24
61, 19
62, 29
63, 16
64, 25
65, 32
66, 16
67, 20
68, 17
69, 14
70, 20
71, 26
72, 20
73, 18
74, 22
75, 14
76, 20
77, 18
78, 15
79, 18
80, 8
81, 12
82, 10
83, 6
84, 17
85, 13
86, 11
87, 7
88, 13
89, 19
90, 8
91, 12
92, 10
93, 6
94, 10
95, 11
96, 9
97, 11
98, 8
99, 10
100, 10
101, 8
102, 9
103, 10
104, 9
105, 7
106, 5
107, 2
108, 8
109, 11
110, 5
111, 5
112, 15
113, 11
114, 4
115, 5
116, 10
117, 3
118, 8
119, 8
120, 6
121, 3
122, 8
123, 12
124, 9
125, 5
126, 4
127, 2
128, 6
129, 13
130, 5
131, 7
132, 5
133, 6
134, 9
135, 5
136, 2
137, 7
138, 7
139, 5
140, 4
141, 9
142, 5
143, 3
144, 10
145, 3
146, 6
147, 4
148, 7
149, 8
150, 3
151, 0
152, 4
153, 8
154, 7
155, 4
156, 10
157, 3
158, 1
159, 6
160, 2
161, 6
162, 4
163, 2
164, 4
165, 3
166, 2
167, 2
168, 4
169, 5
170, 3
171, 5
172, 4
173, 2
174, 3
175, 8
176, 2
177, 2
178, 1
179, 2
180, 5
181, 3
182, 3
183, 3
184, 2
185, 4
186, 6
187, 4
188, 1
189, 2
190, 1
191, 1
192, 1
193, 1
194, 4
195, 2
196, 5
197, 2
198, 3
199, 2
200, 2
201, 2
202, 4
203, 5
204, 0
205, 4
206, 2
207, 2
208, 5
209, 1
210, 3
211, 5
212, 4
213, 3
214, 3
215, 1
216, 2
217, 4
218, 3
219, 5
220, 4
221, 2
222, 3
223, 1
224, 7
225, 1
226, 4
227, 3
228, 6
229, 3
230, 2
231, 3
232, 1
233, 2
234, 4
235, 2
236, 2
237, 3
238, 1
239, 4
240, 2
241, 2
242, 5
243, 5
244, 2
245, 3
246, 3
247, 0
248, 3
249, 6
250, 1
251, 1
252, 1
253, 4
254, 2
255, 1
Succeeded in sending cmd.
Succeeded in reading reply.
0, 1180117
1, 0
2, 0
3, 0
4, 115
5, 303
6, 377
7, 267
8, 95
9, 77
10, 123
11, 149
12, 83
13, 106
14, 166
15, 165
16, 167
17, 188
18, 170
19, 172
20, 107
21, 136
22, 146
23, 151
24, 147
25, 126
26, 152
27, 127
28, 133
29, 119
30, 120
31, 96
32, 125
33, 123
34, 100
35, 109
36, 94
37, 97
38, 72
39, 95
40, 100
41, 79
42, 62
43, 36
44, 36
45, 49
46, 51
47, 51
48, 57
49, 44
50, 45
51, 37
52, 49
53, 44
54, 32
55, 34
56, 46
57, 46
58, 36
59, 30
60, 24
61, 19
62, 29
63, 16
64, 25
65, 33
66, 16
67, 20
68, 17
69, 14
70, 20
71, 26
72, 20
73, 18
74, 22
75, 14
76, 20
77, 18
78, 15
79, 18
80, 8
81, 12
82, 10
83, 6
84, 17
85, 13
86, 11
87, 7
88, 13
89, 19
90, 8
91, 12
92, 10
93, 6
94, 10
95, 11
96, 9
97, 11
98, 8
99, 10
100, 10
101, 8
102, 9
103, 10
104, 9
105, 7
106, 5
107, 2
108, 8
109, 12
110, 5
111, 5
112, 15
113, 11
114, 4
115, 6
116, 10
117, 3
118, 8
119, 9
120, 6
121, 3
122, 8
123, 13
124, 9
125, 5
126, 4
127, 2
128, 6
129, 13
130, 5
131, 7
132, 5
133, 6
134, 9
135, 5
136, 2
137, 7
138, 7
139, 5
140, 4
141, 9
142, 5
143, 3
144, 10
145, 3
146, 6
147, 4
148, 7
149, 9
150, 3
151, 0
152, 4
153, 8
154, 7
155, 4
156, 10
157, 3
158, 1
159, 6
160, 2
161, 6
162, 4
163, 2
164, 4
165, 3
166, 2
167, 2
168, 4
169, 5
170, 3
171, 5
172, 4
173, 2
174, 3
175, 8
176, 2
177, 2
178, 1
179, 2
180, 5
181, 3
182, 3
183, 3
184, 2
185, 4
186, 6
187, 4
188, 1
189, 2
190, 1
191, 1
192, 1
193, 1
194, 4
195, 2
196, 5
197, 2
198, 3
199, 2
200, 2
201, 2
202, 4
203, 5
204, 0
205, 4
206, 2
207, 2
208, 5
209, 1
210, 3
211, 5
212, 4
213, 3
214, 3
215, 1
216, 2
217, 4
218, 3
219, 5
220, 4
221, 3
222, 3
223, 1
224, 7
225, 1
226, 4
227, 3
228, 6
229, 3
230, 2
231, 3
232, 1
233, 2
234, 4
235, 2
236, 2
237, 3
238, 1
239, 4
240, 2
241, 2
242, 5
243, 5
244, 2
245, 3
246, 3
247, 0
248, 3
249, 6
250, 1
251, 1
252, 1
253, 4
254, 2
255, 1
Succeeded in sending cmd.
Succeeded in reading reply.
0, 852437
1, 0
2, 0
3, 0
4, 115
5, 303
6, 377
7, 270
8, 95
9, 77
10, 124
11, 149
12, 83
13, 106
14, 167
15, 165
16, 168
17, 188
18, 172
19, 173
20, 107
21, 136
22, 148
23, 151
24, 147
25, 127
26, 153
27, 127
28, 134
29, 119
30, 120
31, 96
32, 125
33, 125
34, 100
35, 109
36, 94
37, 97
38, 73
39, 95
40, 100
41, 79
42, 62
43, 36
44, 36
45, 50
46, 51
47, 52
48, 59
49, 44
50, 45
51, 37
52, 49
53, 45
54, 33
55, 34
56, 46
57, 46
58, 37
59, 30
60, 24
61, 19
62, 29
63, 16
64, 25
65, 33
66, 16
67, 20
68, 17
69, 14
70, 20
71, 26
72, 20
73, 18
74, 22
75, 14
76, 20
77, 18
78, 15
79, 18
80, 8
81, 12
82, 10
83, 6
84, 17
85, 13
86, 11
87, 7
88, 13
89, 19
90, 8
91, 12
92, 10
93, 6
94, 10
95, 11
96, 9
97, 11
98, 8
99, 10
100, 10
101, 8
102, 9
103, 10
104, 9
105, 7
106, 5
107, 2
108, 8
109, 12
110, 5
111, 5
112, 15
113, 11
114, 4
115, 6
116, 10
117, 3
118, 8
119, 9
120, 6
121, 3
122, 8
123, 13
124, 9
125, 5
126, 4
127, 2
128, 6
129, 13
130, 5
131, 7
132, 5
133, 6
134, 9
135, 5
136, 2
137, 7
138, 7
139, 5
140, 4
141, 9
142, 5
143, 4
144, 10
145, 3
146, 6
147, 4
148, 7
149, 9
150, 3
151, 0
152, 4
153, 8
154, 7
155, 4
156, 10
157, 3
158, 1
159, 6
160, 2
161, 6
162, 4
163, 2
164, 4
165, 3
166, 2
167, 2
168, 4
169, 5
170, 3
171, 5
172, 4
173, 2
174, 3
175, 8
176, 2
177, 2
178, 1
179, 2
180, 5
181, 3
182, 3
183, 3
184, 2
185, 4
186, 6
187, 4
188, 1
189, 2
190, 1
191, 1
192, 1
193, 1
194, 4
195, 2
196, 5
197, 2
198, 3
199, 2
200, 2
201, 2
202, 4
203, 5
204, 0
205, 4
206, 2
207, 2
208, 5
209, 1
210, 3
211, 5
212, 4
213, 3
214, 3
215, 1
216, 2
217, 5
218, 3
219, 5
220, 4
221, 3
222, 3
223, 1
224, 7
225, 1
226, 4
227, 3
228, 6
229, 3
230, 2
231, 3
232, 1
233, 2
234, 4
235, 2
236, 2
237, 3
238, 1
239, 4
240, 2
241, 2
242, 5
243, 5
244, 2
245, 3
246, 3
247, 0
248, 3
249, 6
250, 1
251, 1
252, 1
253, 4
254, 2
255, 1
Succeeded in sending cmd.
Succeeded in reading reply.
0, 1901013
1, 0
2, 0
3, 0
4, 115
5, 303
6, 379
7, 272
8, 98
9, 77
10, 125
11, 150
12, 83
13, 106
14, 168
15, 167
16, 168
17, 189
18, 173
19, 175
20, 111
21, 138
22, 150
23, 154
24, 149
25, 128
26, 154
27, 131
28, 135
29, 121
30, 121
31, 97
32, 126
33, 126
34, 101
35, 109
36, 94
37, 97
38, 73
39, 96
40, 101
41, 80
42, 62
43, 36
44, 36
45, 50
46, 54
47, 53
48, 60
49, 45
50, 45
51, 38
52, 50
53, 45
54, 33
55, 36
56, 47
57, 46
58, 37
59, 30
60, 24
61, 20
62, 29
63, 17
64, 26
65, 33
66, 16
67, 21
68, 17
69, 14
70, 20
71, 26
72, 22
73, 19
74, 22
75, 14
76, 20
77, 18
78, 16
79, 18
80, 8
81, 13
82, 10
83, 6
84, 17
85, 13
86, 11
87, 7
88, 13
89, 20
90, 8
91, 12
92, 10
93, 6
94, 10
95, 11
96, 9
97, 11
98, 8
99, 10
100, 10
101, 8
102, 9
103, 10
104, 9
105, 7
106, 5
107, 2
108, 8
109, 12
110, 5
111, 5
112, 15
113, 11
114, 4
115, 6
116, 10
117, 4
118, 8
119, 9
120, 6
121, 3
122, 8
123, 13
124, 9
125, 5
126, 4
127, 2
128, 6
129, 13
130, 5
131, 7
132, 5
133, 6
134, 9
135, 6
136, 2
137, 7
138, 7
139, 5
140, 4
141, 9
142, 5
143, 4
144, 10
145, 3
146, 6
147, 4
148, 7
149, 9
150, 3
151, 0
152, 4
153, 8
154, 7
155, 4
156, 10
157, 3
158, 1
159, 6
160, 3
161, 6
162, 4
163, 2
164, 4
165, 3
166, 2
167, 2
168, 4
169, 5
170, 3
171, 5
172, 4
173, 2
174, 3
175, 8
176, 2
177, 2
178, 1
179, 2
180, 5
181, 3
182, 3
183, 3
184, 2
185, 4
186, 6
187, 4
188, 1
189, 2
190, 1
191, 1
192, 1
193, 1
194, 4
195, 2
196, 5
197, 2
198, 3
199, 2
200, 2
201, 2
202, 4
203, 5
204, 0
205, 4
206, 2
207, 2
208, 6
209, 1
210, 3
211, 5
212, 4
213, 3
214, 3
215, 1
216, 2
217, 5
218, 3
219, 5
220, 4
221, 3
222, 3
223, 1
224, 7
225, 1
226, 4
227, 3
228, 6
229, 3
230, 2
231, 3
232, 1
233, 2
234, 4
235, 2
236, 2
237, 3
238, 1
239, 4
240, 2
241, 2
242, 5
243, 5
244, 2
245, 3
246, 3
247, 0
248, 3
249, 6
250, 1
251, 1
252, 1
253, 4
254, 2
255, 1
Succeeded in sending cmd.
Succeeded in reading reply.
0, 1573333
1, 0
2, 0
3, 0
4, 116
5, 303
6, 379
7, 273
8, 98
9, 78
10, 126
11, 150
12, 83
13, 106
14, 168
15, 168
16, 169
17, 189
18, 177
19, 175
20, 112
21, 138
22, 150
23, 155
24, 150
25, 130
26, 154
27, 132
28, 135
29, 121
30, 121
31, 97
32, 127
33, 127
34, 103
35, 109
36, 95
37, 97
38, 73
39, 97
40, 101
41, 80
42, 65
43, 36
44, 36
45, 50
46, 55
47, 53
48, 61
49, 45
50, 45
51, 39
52, 50
53, 45
54, 33
55, 37
56, 47
57, 46
58, 38
59, 30
60, 24
61, 20
62, 29
63, 17
64, 26
65, 34
66, 16
67, 21
68, 17
69, 14
70, 20
71, 26
72, 22
73, 19
74, 22
75, 14
76, 20
77, 18
78, 16
79, 18
80, 8
81, 13
82, 10
83, 6
84, 17
85, 13
86, 12
87, 7
88, 13
89, 20
90, 8
91, 12
92, 10
93, 6
94, 10
95, 11
96, 9
97, 11
98, 8
99, 10
100, 10
101, 8
102, 9
103, 10
104, 9
105, 7
106, 5
107, 2
108, 8
109, 12
110, 5
111, 5
112, 15
113, 11
114, 4
115, 7
116, 10
117, 4
118, 8
119, 9
120, 6
121, 3
122, 8
123, 13
124, 9
125, 5
126, 4
127, 2
128, 6
129, 13
130, 5
131, 7
132, 5
133, 6
134, 9
135, 6
136, 2
137, 7
138, 7
139, 5
140, 4
141, 9
142, 5
143, 4
144, 11
145, 3
146, 6
147, 4
148, 7
149, 9
150, 3
151, 0
152, 4
153, 8
154, 7
155, 4
156, 10
157, 3
158, 1
159, 6
160, 3
161, 6
162, 4
163, 2
164, 4
165, 3
166, 2
167, 2
168, 4
169, 5
170, 3
171, 5
172, 4
173, 2
174, 3
175, 8
176, 2
177, 2
178, 1
179, 2
180, 5
181, 3
182, 3
183, 3
184, 2
185, 4
186, 6
187, 4
188, 1
189, 2
190, 1
191, 1
192, 1
193, 1
194, 4
195, 2
196, 5
197, 2
198, 3
199, 2
200, 2
201, 2
202, 4
203, 5
204, 0
205, 4
206, 2
207, 2
208, 7
209, 1
210, 3
211, 5
212, 4
213, 3
214, 3
215, 1
216, 2
217, 5
218, 3
219, 5
220, 4
221, 3
222, 3
223, 1
224, 7
225, 1
226, 4
227, 3
228, 6
229, 3
230, 2
231, 3
232, 1
233, 2
234, 4
235, 2
236, 2
237, 3
238, 1
239, 4
240, 2
241, 2
242, 5
243, 5
244, 2
245, 3
246, 3
247, 0
248, 3
249, 6
250, 1
251, 1
252, 1
253, 4
254, 2
255, 1
Succeeded in sending cmd.
Succeeded in reading reply.
0, 1114581
1, 0
2, 0
3, 0
4, 117
5, 303
6, 379
7, 280
8, 99
9, 78
10, 126
11, 151
12, 83
13, 107
14, 168
15, 168
16, 169
17, 190
18, 178
19, 176
20, 112
21, 138
22, 152
23, 155
24, 150
25, 130
26, 155
27, 133
28, 136
29, 122
30, 121
31, 99
32, 127
33, 127
34, 103
35, 110
36, 96
37, 97
38, 74
39, 97
40, 102
41, 80
42, 65
43, 36
44, 36
45, 50
46, 55
47, 53
48, 61
49, 45
50, 48
51, 40
52, 50
53, 45
54, 34
55, 37
56, 47
57, 46
58, 38
59, 30
60, 24
61, 20
62, 29
63, 18
64, 26
65, 35
66, 16
67, 21
68, 17
69, 14
70, 20
71, 26
72, 22
73, 19
74, 22
75, 14
76, 20
77, 18
78, 16
79, 18
80, 8
81, 13
82, 10
83, 6
84, 17
85, 13
86, 12
87, 7
88, 13
89, 20
90, 8
91, 12
92, 10
93, 6
94, 10
95, 11
96, 9
97, 11
98, 8
99, 10
100, 10
101, 8
102, 9
103, 10
104, 9
105, 7
106, 5
107, 2
108, 8
109, 12
110, 5
111, 5
112, 15
113, 11
114, 4
115, 7
116, 10
117, 4
118, 8
119, 9
120, 6
121, 3
122, 8
123, 13
124, 9
125, 5
126, 4
127, 2
128, 6
129, 13
130, 5
131, 7
132, 5
133, 6
134, 9
135, 6
136, 2
137, 7
138, 7
139, 5
140, 4
141, 9
142, 5
143, 4
144, 11
145, 3
146, 6
147, 4
148, 7
149, 9
150, 3
151, 0
152, 5
153, 8
154, 7
155, 4
156, 10
157, 3
158, 1
159, 6
160, 3
161, 6
162, 4
163, 2
164, 4
165, 3
166, 2
167, 2
168, 4
169, 5
170, 3
171, 5
172, 4
173, 2
174, 3
175, 8
176, 3
177, 2
178, 1
179, 2
180, 5
181, 3
182, 3
183, 3
184, 2
185, 4
186, 6
187, 4
188, 1
189, 2
190, 1
191, 1
192, 1
193, 1
194, 4
195, 2
196, 5
197, 2
198, 3
199, 2
200, 2
201, 2
202, 4
203, 5
204, 0
205, 4
206, 2
207, 2
208, 7
209, 1
210, 3
211, 5
212, 4
213, 3
214, 3
215, 1
216, 2
217, 5
218, 3
219, 5
220, 4
221, 3
222, 3
223, 1
224, 7
225, 1
226, 4
227, 3
228, 6
229, 3
230, 2
231, 3
232, 1
233, 2
234, 4
235, 2
236, 2
237, 3
238, 1
239, 4
240, 2
241, 2
242, 5
243, 5
244, 2
245, 3
246, 3
247, 0
248, 3
249, 6
250, 1
251, 1
252, 1
253, 4
254, 2
255, 1
Succeeded in sending cmd.
Succeeded in reading reply.
0, 1638869
1, 0
2, 0
3, 0
4, 118
5, 303
6, 380
7, 281
8, 100
9, 78
10, 127
11, 152
12, 83
13, 107
14, 171
15, 169
16, 170
17, 190
18, 180
19, 177
20, 112
21, 138
22, 152
23, 155
24, 151
25, 130
26, 156
27, 134
28, 138
29, 122
30, 121
31, 99
32, 128
33, 127
34, 103
35, 110
36, 99
37, 98
38, 78
39, 97
40, 103
41, 81
42, 66
43, 36
44, 36
45, 50
46, 55
47, 53
48, 61
49, 45
50, 49
51, 41
52, 50
53, 45
54, 34
55, 38
56, 47
57, 46
58, 38
59, 30
60, 25
61, 20
62, 29
63, 19
64, 26
65, 35
66, 16
67, 22
68, 17
69, 14
70, 20
71, 26
72, 22
73, 19
74, 22
75, 14
76, 20
77, 18
78, 16
79, 18
80, 8
81, 13
82, 10
83, 6
84, 17
85, 13
86, 12
87, 7
88, 14
89, 20
90, 8
91, 12
92, 10
93, 6
94, 11
95, 11
96, 9
97, 11
98, 8
99, 10
100, 10
101, 8
102, 9
103, 10
104, 9
105, 7
106, 5
107, 2
108, 8
109, 12
110, 5
111, 5
112, 15
113, 11
114, 4
115, 7
116, 10
117, 4
118, 8
119, 9
120, 6
121, 3
122, 8
123, 13
124, 9
125, 5
126, 4
127, 2
128, 6
129, 13
130, 5
131, 8
132, 5
133, 6
134, 9
135, 6
136, 2
137, 7
138, 7
139, 5
140, 4
141, 9
142, 5
143, 4
144, 11
145, 3
146, 6
147, 4
148, 7
149, 9
150, 3
151, 0
152, 5
153, 8
154, 7
155, 4
156, 10
157, 3
158, 1
159, 6
160, 3
161, 6
162, 4
163, 2
164, 4
165, 3
166, 2
167, 2
168, 4
169, 5
170, 3
171, 5
172, 4
173, 3
174, 3
175, 8
176, 3
177, 2
178, 1
179, 2
180, 5
181, 3
182, 3
183, 3
184, 2
185, 4
186, 6
187, 4
188, 1
189, 2
190, 1
191, 1
192, 1
193, 1
194, 4
195, 2
196, 5
197, 2
198, 3
199, 2
200, 2
201, 2
202, 4
203, 5
204, 0
205, 4
206, 2
207, 2
208, 7
209, 1
210, 3
211, 5
212, 4
213, 3
214, 3
215, 1
216, 2
217, 5
218, 3
219, 5
220, 4
221, 3
222, 3
223, 1
224, 7
225, 1
226, 4
227, 3
228, 6
229, 3
230, 2
231, 3
232, 1
233, 2
234, 4
235, 2
236, 2
237, 3
238, 1
239, 4
240, 2
241, 2
242, 5
243, 5
244, 2
245, 3
246, 3
247, 0
248, 3
249, 6
250, 1
251, 1
252, 1
253, 4
254, 2
255, 1
Succeeded in sending cmd.
Succeeded in reading reply.
0, 1442261
1, 0
2, 0
3, 0
4, 118
5, 303
6, 381
7, 285
8, 100
9, 78
10, 128
11, 152
12, 83
13, 107
14, 171
15, 169
16, 170
17, 192
18, 181
19, 178
20, 112
21, 139
22, 152
23, 156
24, 151
25, 131
26, 157
27, 135
28, 139
29, 123
30, 121
31, 100
32, 129
33, 127
34, 103
35, 110
36, 99
37, 100
38, 78
39, 97
40, 103
41, 81
42, 66
43, 36
44, 36
45, 50
46, 55
47, 54
48, 61
49, 45
50, 49
51, 41
52, 50
53, 45
54, 34
55, 39
56, 47
57, 47
58, 38
59, 30
60, 25
61, 21
62, 29
63, 19
64, 26
65, 35
66, 17
67, 22
68, 17
69, 14
70, 20
71, 27
72, 22
73, 19
74, 22
75, 14
76, 20
77, 18
78, 16
79, 18
80, 8
81, 13
82, 10
83, 6
84, 17
85, 13
86, 12
87, 7
88, 14
89, 20
90, 9
91, 12
92, 10
93, 6
94, 11
95, 11
96, 9
97, 11
98, 8
99, 10
100, 10
101, 8
102, 9
103, 10
104, 9
105, 7
106, 5
107, 2
108, 9
109, 12
110, 5
111, 5
112, 15
113, 11
114, 4
115, 7
116, 10
117, 4
118, 8
119, 9
120, 6
121, 3
122, 8
123, 13
124, 9
125, 5
126, 4
127, 2
128, 6
129, 13
130, 5
131, 8
132, 5
133, 6
134, 9
135, 6
136, 2
137, 7
138, 7
139, 5
140, 4
141, 9
142, 5
143, 4
144, 11
145, 3
146, 6
147, 4
148, 7
149, 9
150, 3
151, 0
152, 5
153, 8
154, 7
155, 4
156, 10
157, 3
158, 1
159, 6
160, 3
161, 6
162, 4
163, 2
164, 4
165, 3
166, 2
167, 2
168, 4
169, 5
170, 3
171, 5
172, 4
173, 3
174, 3
175, 8
176, 3
177, 2
178, 2
179, 2
180, 5
181, 4
182, 3
183, 3
184, 2
185, 4
186, 6
187, 4
188, 1
189, 2
190, 1
191, 1
192, 1
193, 1
194, 4
195, 2
196, 5
197, 2
198, 3
199, 2
200, 2
201, 2
202, 4
203, 5
204, 0
205, 4
206, 2
207, 2
208, 7
209, 1
210, 3
211, 5
212, 4
213, 3
214, 3
215, 1
216, 2
217, 5
218, 3
219, 5
220, 4
221, 3
222, 3
223, 1
224, 7
225, 1
226, 4
227, 3
228, 7
229, 3
230, 2
231, 3
232, 1
233, 2
234, 4
235, 2
236, 2
237, 3
238, 1
239, 4
240, 2
241, 2
242, 5
243, 5
244, 2
245, 3
246, 3
247, 0
248, 3
249, 6
250, 1
251, 1
252, 1
253, 4
254, 2
255, 1
Succeeded in sending cmd.
Succeeded in reading reply.
0, 1311189
1, 0
2, 0
3, 0
4, 118
5, 303
6, 381
7, 287
8, 101
9, 78
10, 129
11, 152
12, 84
13, 108
14, 171
15, 169
16, 171
17, 192
18, 182
19, 178
20, 112
21, 140
22, 152
23, 156
24, 152
25, 131
26, 157
27, 135
28, 139
29, 124
30, 122
31, 101
32, 130
33, 127
34, 103
35, 111
36, 102
37, 101
38, 81
39, 97
40, 105
41, 81
42, 67
43, 36
44, 36
45, 50
46, 57
47, 54
48, 61
49, 45
50, 50
51, 41
52, 50
53, 45
54, 34
55, 41
56, 48
57, 48
58, 39
59, 30
60, 25
61, 22
62, 29
63, 19
64, 26
65, 35
66, 17
67, 22
68, 17
69, 14
70, 20
71, 27
72, 22
73, 19
74, 22
75, 14
76, 20
77, 18
78, 16
79, 18
80, 8
81, 13
82, 10
83, 6
84, 18
85, 13
86, 13
87, 7
88, 14
89, 20
90, 9
91, 12
92, 10
93, 6
94, 11
95, 11
96, 9
97, 11
98, 8
99, 10
100, 10
101, 8
102, 9
103, 10
104, 9
105, 7
106, 5
107, 2
108, 9
109, 12
110, 5
111, 5
112, 15
113, 11
114, 4
115, 7
116, 10
117, 4
118, 8
119, 9
120, 6
121, 3
122, 8
123, 13
124, 9
125, 5
126, 4
127, 2
128, 6
129, 13
130, 5
131, 8
132, 5
133, 6
134, 9
135, 6
136, 2
137, 7
138, 7
139, 5
140, 4
141, 9
142, 5
143, 4
144, 11
145, 3
146, 6
147, 4
148, 7
149, 9
150, 3
151, 0
152, 5
153, 8
154, 7
155, 4
156, 10
157, 3
158, 1
159, 6
160, 3
161, 6
162, 4
163, 2
164, 4
165, 3
166, 2
167, 2
168, 4
169, 5
170, 3
171, 5
172, 4
173, 3
174, 3
175, 8
176, 3
177, 2
178, 2
179, 2
180, 5
181, 4
182, 3
183, 3
184, 3
185, 4
186, 7
187, 4
188, 1
189, 2
190, 1
191, 1
192, 1
193, 1
194, 4
195, 2
196, 5
197, 2
198, 3
199, 2
200, 2
201, 2
202, 4
203, 5
204, 0
205, 4
206, 2
207, 2
208, 7
209, 1
210, 3
211, 5
212, 4
213, 3
214, 3
215, 1
216, 2
217, 5
218, 3
219, 5
220, 4
221, 3
222, 3
223, 1
224, 7
225, 1
226, 4
227, 3
228, 7
229, 3
230, 2
231, 3
232, 1
233, 2
234, 4
235, 2
236, 2
237, 3
238, 1
239, 4
240, 2
241, 2
242, 5
243, 5
244, 2
245, 3
246, 3
247, 0
248, 3
249, 6
250, 1
251, 1
252, 1
253, 4
254, 2
255, 1
Succeeded in sending cmd.
Succeeded in reading reply.
0, 1442260
1, 0
2, 0
3, 0
4, 119
5, 303
6, 384
7, 292
8, 101
9, 80
10, 130
11, 152
12, 85
13, 109
14, 172
15, 172
16, 172
17, 194
18, 182
19, 181
20, 113
21, 140
22, 152
23, 159
24, 157
25, 133
26, 157
27, 135
28, 140
29, 124
30, 122
31, 102
32, 130
33, 127
34, 103
35, 113
36, 102
37, 103
38, 82
39, 98
40, 106
41, 85
42, 67
43, 36
44, 37
45, 50
46, 57
47, 54
48, 61
49, 45
50, 50
51, 41
52, 50
53, 46
54, 34
55, 41
56, 49
57, 48
58, 40
59, 30
60, 25
61, 22
62, 29
63, 20
64, 27
65, 35
66, 17
67, 22
68, 17
69, 14
70, 20
71, 27
72, 22
73, 19
74, 22
75, 14
76, 20
77, 18
78, 16
79, 18
80, 8
81, 13
82, 10
83, 6
84, 18
85, 13
86, 13
87, 7
88, 14
89, 20
90, 9
91, 12
92, 11
93, 6
94, 11
95, 11
96, 9
97, 11
98, 8
99, 10
100, 10
101, 8
102, 9
103, 10
104, 9
105, 7
106, 5
107, 2
108, 9
109, 12
110, 5
111, 6
112, 15
113, 11
114, 4
115, 7
116, 10
117, 4
118, 8
119, 9
120, 6
121, 3
122, 8
123, 13
124, 9
125, 5
126, 4
127, 2
128, 6
129, 13
130, 5
131, 8
132, 5
133, 6
134, 9
135, 6
136, 2
137, 7
138, 7
139, 6
140, 4
141, 9
142, 5
143, 4
144, 11
145, 3
146, 6
147, 4
148, 7
149, 9
150, 3
151, 0
152, 5
153, 8
154, 7
155, 4
156, 10
157, 3
158, 1
159, 6
160, 3
161, 6
162, 4
163, 2
164, 4
165, 3
166, 2
167, 2
168, 5
169, 6
170, 3
171, 5
172, 4
173, 3
174, 3
175, 8
176, 3
177, 2
178, 2
179, 2
180, 5
181, 4
182, 3
183, 3
184, 3
185, 4
186, 7
187, 4
188, 1
189, 2
190, 1
191, 1
192, 1
193, 1
194, 4
195, 2
196, 5
197, 2
198, 3
199, 2
200, 2
201, 2
202, 4
203, 5
204, 0
205, 4
206, 2
207, 2
208, 7
209, 1
210, 3
211, 5
212, 5
213, 3
214, 3
215, 1
216, 2
217, 5
218, 3
219, 5
220, 4
221, 3
222, 3
223, 1
224, 8
225, 1
226, 4
227, 3
228, 7
229, 3
230, 2
231, 3
232, 1
233, 2
234, 4
235, 2
236, 2
237, 3
238, 1
239, 4
240, 2
241, 2
242, 5
243, 5
244, 2
245, 3
246, 3
247, 0
248, 3
249, 6
250, 1
251, 1
252, 1
253, 4
254, 2
255, 1
Succeeded in sending cmd.
Succeeded in reading reply.
0, 1376725
1, 0
2, 0
3, 0
4, 119
5, 303
6, 385
7, 295
8, 102
9, 80
10, 130
11, 153
12, 86
13, 109
14, 172
15, 173
16, 174
17, 194
18, 183
19, 182
20, 114
21, 140
22, 153
23, 159
24, 158
25, 134
26, 159
27, 135
28, 140
29, 125
30, 122
31, 102
32, 131
33, 127
34, 103
35, 113
36, 103
37, 104
38, 83
39, 98
40, 106
41, 85
42, 68
43, 37
44, 38
45, 50
46, 57
47, 54
48, 61
49, 46
50, 50
51, 41
52, 50
53, 47
54, 34
55, 41
56, 49
57, 49
58, 40
59, 31
60, 25
61, 22
62, 29
63, 20
64, 27
65, 35
66, 18
67, 22
68, 17
69, 14
70, 20
71, 27
72, 22
73, 19
74, 22
75, 14
76, 21
77, 18
78, 16
79, 18
80, 8
81, 13
82, 11
83, 6
84, 18
85, 13
86, 13
87, 7
88, 14
89, 20
90, 9
91, 12
92, 11
93, 6
94, 11
95, 11
96, 9
97, 11
98, 8
99, 10
100, 10
101, 8
102, 9
103, 10
104, 9
105, 7
106, 5
107, 2
108, 9
109, 12
110, 5
111, 6
112, 15
113, 11
114, 4
115, 7
116, 10
117, 4
118, 8
119, 9
120, 6
121, 3
122, 8
123, 13
124, 9
125, 5
126, 4
127, 2
128, 6
129, 13
130, 5
131, 8
132, 5
133, 6
134, 9
135, 6
136, 2
137, 7
138, 7
139, 6
140, 4
141, 9
142, 5
143, 4
144, 11
145, 3
146, 6
147, 4
148, 7
149, 9
150, 3
151, 0
152, 5
153, 8
154, 7
155, 4
156, 10
157, 3
158, 1
159, 6
160, 3
161, 6
162, 4
163, 2
164, 4
165, 3
166, 2
167, 2
168, 5
169, 6
170, 3
171, 5
172, 4
173, 3
174, 3
175, 8
176, 3
177, 2
178, 2
179, 2
180, 5
181, 4
182, 3
183, 3
184, 3
185, 4
186, 7
187, 4
188, 1
189, 2
190, 1
191, 1
192, 1
193, 1
194, 4
195, 2
196, 5
197, 2
198, 3
199, 2
200, 2
201, 2
202, 4
203, 5
204, 0
205, 4
206, 2
207, 3
208, 7
209, 1
210, 3
211, 5
212, 5
213, 3
214, 3
215, 1
216, 2
217, 5
218, 3
219, 5
220, 4
221, 3
222, 3
223, 1
224, 8
225, 1
226, 4
227, 3
228, 7
229, 3
230, 2
231, 3
232, 1
233, 2
234, 4
235, 2
236, 2
237, 4
238, 1
239, 4
240, 2
241, 2
242, 5
243, 5
244, 2
245, 3
246, 3
247, 0
248, 3
249, 6
250, 1
251, 1
252, 1
253, 4
254, 2
255, 1
Succeeded in sending cmd.
Succeeded in reading reply.
0, 983508
1, 0
2, 0
3, 0
4, 119
5, 303
6, 387
7, 297
8, 103
9, 80
10, 131
11, 155
12, 86
13, 109
14, 174
15, 173
16, 174
17, 195
18, 183
19, 182
20, 114
21, 140
22, 153
23, 159
24, 159
25, 137
26, 160
27, 136
28, 141
29, 126
30, 122
31, 103
32, 131
33, 128
34, 104
35, 113
36, 103
37, 105
38, 83
39, 99
40, 106
41, 85
42, 68
43, 37
44, 38
45, 50
46, 58
47, 54
48, 61
49, 46
50, 51
51, 41
52, 50
53, 48
54, 34
55, 41
56, 49
57, 49
58, 40
59, 31
60, 26
61, 22
62, 29
63, 21
64, 27
65, 36
66, 18
67, 22
68, 18
69, 14
70, 20
71, 27
72, 22
73, 19
74, 22
75, 14
76, 21
77, 18
78, 16
79, 18
80, 8
81, 13
82, 11
83, 7
84, 18
85, 13
86, 13
87, 7
88, 14
89, 21
90, 9
91, 12
92, 11
93, 6
94, 11
95, 11
96, 10
97, 11
98, 8
99, 10
100, 10
101, 8
102, 9
103, 10
104, 9
105, 7
106, 5
107, 2
108, 9
109, 12
110, 5
111, 6
112, 15
113, 11
114, 4
115, 7
116, 10
117, 4
118, 8
119, 9
120, 6
121, 3
122, 8
123, 13
124, 9
125, 5
126, 4
127, 2
128, 6
129, 13
130, 5
131, 8
132, 5
133, 6
134, 9
135, 6
136, 2
137, 7
138, 7
139, 6
140, 4
141, 9
142, 5
143, 4
144, 11
145, 3
146, 6
147, 4
148, 7
149, 9
150, 3
151, 0
152, 5
153, 8
154, 7
155, 4
156, 10
157, 3
158, 1
159, 6
160, 3
161, 6
162, 4
163, 2
164, 4
165, 3
166, 2
167, 2
168, 5
169, 6
170, 3
171, 5
172, 4
173, 3
174, 3
175, 8
176, 3
177, 2
178, 2
179, 2
180, 5
181, 4
182, 3
183, 3
184, 3
185, 4
186, 7
187, 4
188, 1
189, 2
190, 1
191, 1
192, 1
193, 1
194, 4
195, 2
196, 5
197, 2
198, 3
199, 2
200, 2
201, 2
202, 4
203, 5
204, 0
205, 4
206, 2
207, 3
208, 7
209, 1
210, 3
211, 5
212, 5
213, 3
214, 3
215, 1
216, 2
217, 5
218, 3
219, 5
220, 4
221, 3
222, 3
223, 1
224, 8
225, 1
226, 4
227, 3
228, 7
229, 3
230, 3
231, 3
232, 1
233, 2
234, 4
235, 2
236, 2
237, 4
238, 1
239, 4
240, 2
241, 2
242, 5
243, 5
244, 2
245, 3
246, 3
247, 0
248, 3
249, 6
250, 1
251, 2
252, 1
253, 4
254, 2
255, 1
Succeeded in sending cmd.
Succeeded in reading reply.
0, 1311189
1, 0
2, 0
3, 0
4, 120
5, 303
6, 388
7, 299
8, 104
9, 81
10, 131
11, 156
12, 86
13, 109
14, 176
15, 173
16, 174
17, 197
18, 183
19, 182
20, 114
21, 140
22, 155
23, 159
24, 160
25, 137
26, 160
27, 136
28, 141
29, 128
30, 122
31, 104
32, 131
33, 128
34, 105
35, 114
36, 103
37, 105
38, 84
39, 99
40, 106
41, 86
42, 68
43, 37
44, 38
45, 50
46, 59
47, 54
48, 61
49, 46
50, 51
51, 41
52, 50
53, 48
54, 35
55, 43
56, 49
57, 50
58, 41
59, 31
60, 27
61, 23
62, 30
63, 21
64, 27
65, 36
66, 18
67, 22
68, 18
69, 14
70, 20
71, 28
72, 22
73, 19
74, 22
75, 14
76, 23
77, 18
78, 16
79, 18
80, 8
81, 13
82, 11
83, 7
84, 18
85, 13
86, 13
87, 7
88, 15
89, 21
90, 9
91, 12
92, 11
93, 6
94, 11
95, 11
96, 10
97, 11
98, 8
99, 10
100, 10
101, 8
102, 9
103, 10
104, 9
105, 7
106, 5
107, 2
108, 9
109, 12
110, 5
111, 6
112, 15
113, 11
114, 4
115, 7
116, 10
117, 4
118, 8
119, 9
120, 6
121, 3
122, 8
123, 13
124, 9
125, 5
126, 4
127, 2
128, 6
129, 13
130, 5
131, 8
132, 5
133, 6
134, 9
135, 6
136, 2
137, 7
138, 7
139, 6
140, 4
141, 9
142, 5
143, 4
144, 11
145, 3
146, 6
147, 4
148, 7
149, 9
150, 3
151, 0
152, 5
153, 8
154, 7
155, 4
156, 10
157, 3
158, 1
159, 6
160, 3
161, 6
162, 4
163, 2
164, 4
165, 3
166, 2
167, 2
168, 5
169, 6
170, 3
171, 5
172, 4
173, 3
174, 3
175, 8
176, 3
177, 2
178, 2
179, 2
180, 5
181, 4
182, 3
183, 3
184, 3
185, 4
186, 7
187, 4
188, 1
189, 2
190, 1
191, 1
192, 1
193, 1
194, 4
195, 2
196, 5
197, 2
198, 3
199, 2
200, 2
201, 2
202, 5
203, 5
204, 0
205, 4
206, 2
207, 4
208, 7
209, 2
210, 3
211, 5
212, 5
213, 3
214, 3
215, 1
216, 2
217, 5
218, 3
219, 5
220, 4
221, 3
222, 3
223, 1
224, 8
225, 1
226, 4
227, 3
228, 7
229, 3
230, 3
231, 3
232, 1
233, 2
234, 4
235, 2
236, 2
237, 4
238, 1
239, 4
240, 2
241, 2
242, 5
243, 5
244, 2
245, 3
246, 3
247, 0
248, 3
249, 6
250, 1
251, 2
252, 1
253, 4
254, 2
255, 1
Succeeded in sending cmd.
Succeeded in reading reply.
0, 1180116
1, 0
2, 0
3, 0
4, 121
5, 303
6, 389
7, 302
8, 104
9, 81
10, 131
11, 157
12, 86
13, 109
14, 176
15, 174
16, 175
17, 197
18, 183
19, 182
20, 116
21, 140
22, 158
23, 162
24, 162
25, 137
26, 160
27, 137
28, 142
29, 129
30, 122
31, 104
32, 131
33, 129
34, 105
35, 114
36, 103
37, 107
38, 84
39, 99
40, 106
41, 87
42, 69
43, 37
44, 38
45, 51
46, 59
47, 54
48, 61
49, 46
50, 52
51, 41
52, 50
53, 48
54, 35
55, 44
56, 49
57, 50
58, 41
59, 31
60, 27
61, 23
62, 30
63, 21
64, 28
65, 36
66, 19
67, 22
68, 18
69, 14
70, 20
71, 28
72, 22
73, 20
74, 22
75, 14
76, 23
77, 18
78, 16
79, 18
80, 8
81, 13
82, 11
83, 7
84, 18
85, 13
86, 13
87, 7
88, 15
89, 21
90, 9
91, 12
92, 12
93, 6
94, 11
95, 11
96, 10
97, 11
98, 8
99, 10
100, 10
101, 8
102, 9
103, 10
104, 9
105, 7
106, 5
107, 2
108, 9
109, 12
110, 5
111, 6
112, 15
113, 11
114, 4
115, 7
116, 10
117, 5
118, 8
119, 9
120, 6
121, 3
122, 8
123, 13
124, 9
125, 5
126, 4
127, 2
128, 6
129, 13
130, 5
131, 8
132, 5
133, 6
134, 9
135, 6
136, 2
137, 7
138, 7
139, 6
140, 4
141, 9
142, 5
143, 4
144, 11
145, 3
146, 6
147, 4
148, 7
149, 9
150, 3
151, 0
152, 5
153, 8
154, 7
155, 4
156, 10
157, 3
158, 1
159, 6
160, 3
161, 6
162, 4
163, 2
164, 4
165, 3
166, 2
167, 2
168, 5
169, 6
170, 3
171, 5
172, 4
173, 3
174, 3
175, 8
176, 3
177, 2
178, 2
179, 2
180, 5
181, 4
182, 3
183, 3
184, 3
185, 4
186, 7
